ORDERNUMBER,QUANTITYORDERED,PRICEEACH,ORDERLINENUMBER,SALES,ORDERDATE,STATUS,QTR_ID,MONTH_ID,YEAR_ID,PRODUCTLINE,MSRP,PRODUCTCODE,CUSTOMERNAME,PHONE,ADDRESSLINE1,ADDRESSLINE2,CITY,STATE,POSTALCODE,COUNTRY,TERRITORY,CONTACTLASTNAME,CONTACTFIRSTNAME,DEALSIZE
10107,30,95.69999695,2,2871,24/2/03,Shipped,1,2,2003,Motorcycles,95,S10_1678,Land of Toys Inc.,2125557818,897 Long Airport Avenue,NULL,NYC,NY,10022,USA,NA,Yu,Kwai,Small
10121,34,81.34999847,5,2765.899902,7/5/2003,Shipped,2,5,2003,Motorcycles,95,S10_1678,Reims Collectables,26.47.1555,59 rue de l'Abbaye,NULL,Reims,NULL,51100,France,EMEA,Henriot,Paul,Small
10134,41,94.73999786,2,3884.340088,1/7/2003,Shipped,3,7,2003,Motorcycles,95,S10_1678,Lyon Souveniers,+33 1 46 62 7555,27 rue du Colonel Pierre Avia,NULL,Paris,NULL,75508,France,EMEA,Da Cunha,Daniel,Medium
10145,45,83.26000214,6,3746.699951,25/8/03,Shipped,3,8,2003,Motorcycles,95,S10_1678,Toys4GrownUps.com,6265557265,78934 Hillside Dr.,NULL,Pasadena,CA,90003,USA,NA,Young,Julie,Medium
10159,49,100,14,5205.27002,10/10/2003,Shipped,4,10,2003,Motorcycles,95,S10_1678,Corporate Gift Ideas Co.,6505551386,7734 Strong St.,NULL,San Francisco,CA,NULL,USA,NA,Brown,Julie,Medium
10168,36,96.66000366,1,3479.76001,28/10/03,Shipped,4,10,2003,Motorcycles,95,S10_1678,Technics Stores Inc.,6505556809,9408 Furth Circle,NULL,Burlingame,CA,94217,USA,NA,Hirano,Juri,Medium
10180,29,86.12999725,9,2497.77002,11/11/2003,Shipped,4,11,2003,Motorcycles,95,S10_1678,Daedalus Designs Imports,20.16.1555,"184, chausse de Tournai",NULL,Lille,NULL,59000,France,EMEA,Rance,Martine,Small
10188,48,100,1,5512.319824,18/11/03,Shipped,4,11,2003,Motorcycles,95,S10_1678,Herkku Gifts,+47 2267 3215,"Drammen 121, PR 744 Sentrum",NULL,Bergen,NULL,N 5804,Norway,EMEA,Oeztan,Veysel,Medium
10201,22,98.56999969,2,2168.540039,1/12/2003,Shipped,4,12,2003,Motorcycles,95,S10_1678,Mini Wheels Co.,6505555787,5557 North Pendale Street,NULL,San Francisco,CA,NULL,USA,NA,Murphy,Julie,Small
10211,41,100,14,4708.439941,15/1/04,Shipped,1,1,2004,Motorcycles,95,S10_1678,Auto Canal Petit,(1) 47.55.6555,"25, rue Lauriston",NULL,Paris,NULL,75016,France,EMEA,Perrier,Dominique,Medium
10223,37,100,1,3965.659912,20/2/04,Shipped,1,2,2004,Motorcycles,95,S10_1678,"Australian Collectors, Co.",03 9520 4555,636 St Kilda Road,Level 3,Melbourne,Victoria,3004,Australia,APAC,Ferguson,Peter,Medium
10237,23,100,7,2333.120117,5/4/2004,Shipped,2,4,2004,Motorcycles,95,S10_1678,Vitachrome Inc.,2125551500,2678 Kingston Rd.,Suite 101,NYC,NY,10022,USA,NA,Frick,Michael,Small
10251,28,100,2,3188.639893,18/5/04,Shipped,2,5,2004,Motorcycles,95,S10_1678,Tekni Collectables Inc.,2015559350,7476 Moss Rd.,NULL,Newark,NJ,94019,USA,NA,Brown,William,Medium
10263,34,100,2,3676.76001,28/6/04,Shipped,2,6,2004,Motorcycles,95,S10_1678,Gift Depot Inc.,2035552570,25593 South Bay Ln.,NULL,Bridgewater,CT,97562,USA,NA,King,Julie,Medium
10275,45,92.83000183,1,4177.350098,23/7/04,Shipped,3,7,2004,Motorcycles,95,S10_1678,La Rochelle Gifts,40.67.8555,"67, rue des Cinquante Otages",NULL,Nantes,NULL,44000,France,EMEA,Labrune,Janine,Medium
10285,36,100,6,4099.680176,27/8/04,Shipped,3,8,2004,Motorcycles,95,S10_1678,Marta's Replicas Co.,6175558555,39323 Spinnaker Dr.,NULL,Cambridge,MA,51247,USA,NA,Hernandez,Marta,Medium
10299,23,100,9,2597.389893,30/9/04,Shipped,3,9,2004,Motorcycles,95,S10_1678,"Toys of Finland, Co.",90-224 8555,Keskuskatu 45,NULL,Helsinki,NULL,21240,Finland,EMEA,Karttunen,Matti,Small
10309,41,100,5,4394.379883,15/10/04,Shipped,4,10,2004,Motorcycles,95,S10_1678,Baane Mini Imports,07-98 9555,Erling Skakkes gate 78,NULL,Stavern,NULL,4110,Norway,EMEA,Bergulfsen,Jonas,Medium
10318,46,94.73999786,1,4358.040039,2/11/2004,Shipped,4,11,2004,Motorcycles,95,S10_1678,Diecast Classics Inc.,2155551555,7586 Pompton St.,NULL,Allentown,PA,70267,USA,NA,Yu,Kyung,Medium
10329,42,100,1,4396.140137,15/11/04,Shipped,4,11,2004,Motorcycles,95,S10_1678,Land of Toys Inc.,2125557818,897 Long Airport Avenue,NULL,NYC,NY,10022,USA,NA,Yu,Kwai,Medium
10341,41,100,9,7737.930176,24/11/04,Shipped,4,11,2004,Motorcycles,95,S10_1678,Salzburg Collectables,6562-9555,Geislweg 14,NULL,Salzburg,NULL,5020,Austria,EMEA,Pipps,Georg,Large
10361,20,72.55000305,13,1451,17/12/04,Shipped,4,12,2004,Motorcycles,95,S10_1678,Souveniers And Things Co.,+61 2 9495 8555,"Monitor Money Building, 815 Pacific Hwy",Level 6,Chatswood,NSW,2067,Australia,APAC,Huxley,Adrian,Small
10375,21,34.90999985,12,733.1099854,3/2/2005,Shipped,1,2,2005,Motorcycles,95,S10_1678,La Rochelle Gifts,40.67.8555,"67, rue des Cinquante Otages",NULL,Nantes,NULL,44000,France,EMEA,Labrune,Janine,Small
10388,42,76.36000061,4,3207.120117,3/3/2005,Shipped,1,3,2005,Motorcycles,95,S10_1678,FunGiftIdeas.com,5085552555,1785 First Street,NULL,New Bedford,MA,50553,USA,NA,Benitez,Violeta,Medium
10403,24,100,7,2434.560059,8/4/2005,Shipped,2,4,2005,Motorcycles,95,S10_1678,"UK Collectables, Ltd.",(171) 555-2282,Berkeley Gardens 12  Brewery,NULL,Liverpool,NULL,WX1 6LT,UK,EMEA,Devon,Elizabeth,Small
10417,66,100,2,7516.080078,13/5/05,Disputed,2,5,2005,Motorcycles,95,S10_1678,Euro Shopping Channel,(91) 555 94 44,"C/ Moralzarzal, 86",NULL,Madrid,NULL,28034,Spain,EMEA,Freyre,Diego,Large
10103,26,100,11,5404.620117,29/1/03,Shipped,1,1,2003,Classic Cars,214,S10_1949,Baane Mini Imports,07-98 9555,Erling Skakkes gate 78,NULL,Stavern,NULL,4110,Norway,EMEA,Bergulfsen,Jonas,Medium
10112,29,100,1,7209.109863,24/3/03,Shipped,1,3,2003,Classic Cars,214,S10_1949,"Volvo Model Replicas, Co",0921-12 3555,Berguvsv gen  8,NULL,Lule,NULL,S-958 22,Sweden,EMEA,Berglund,Christina,Large
10126,38,100,11,7329.060059,28/5/03,Shipped,2,5,2003,Classic Cars,214,S10_1949,"Corrida Auto Replicas, Ltd",(91) 555 22 82,"C/ Araquil, 67",NULL,Madrid,NULL,28023,Spain,EMEA,Sommer,Mart n,Large
10140,37,100,11,7374.100098,24/7/03,Shipped,3,7,2003,Classic Cars,214,S10_1949,Technics Stores Inc.,6505556809,9408 Furth Circle,NULL,Burlingame,CA,94217,USA,NA,Hirano,Juri,Large
10150,45,100,8,10993.5,19/9/03,Shipped,3,9,2003,Classic Cars,214,S10_1949,"Dragon Souveniers, Ltd.",+65 221 7555,"Bronz Sok., Bronz Apt. 3/6 Tesvikiye",NULL,Singapore,NULL,79903,Singapore,Japan,Natividad,Eric,Large
10163,21,100,1,4860.240234,20/10/03,Shipped,4,10,2003,Classic Cars,214,S10_1949,Classic Legends Inc.,2125558493,5905 Pompton St.,Suite 750,NYC,NY,10022,USA,NA,Hernandez,Maria,Medium
10174,34,100,4,8014.819824,6/11/2003,Shipped,4,11,2003,Classic Cars,214,S10_1949,"Australian Gift Network, Co",61-7-3844-6555,31 Duncan St. West End,NULL,South Brisbane,Queensland,4101,Australia,APAC,Calaghan,Tony,Large
10183,23,100,8,5372.569824,13/11/03,Shipped,4,11,2003,Classic Cars,214,S10_1949,"Classic Gift Ideas, Inc",2155554695,782 First Street,NULL,Philadelphia,PA,71270,USA,NA,Cervantes,Francisca,Medium
10194,42,100,11,7290.359863,25/11/03,Shipped,4,11,2003,Classic Cars,214,S10_1949,"Saveley & Henriot, Co.",78.32.5555,"2, rue du Commerce",NULL,Lyon,NULL,69004,France,EMEA,Saveley,Mary,Large
10206,47,100,6,9064.889648,5/12/2003,Shipped,4,12,2003,Classic Cars,214,S10_1949,Canadian Gift Exchange Network,(604) 555-3392,1900 Oak St.,NULL,Vancouver,BC,V3F 2K1,Canada,NA,Tannamuri,Yoshi,Large
10215,35,100,3,6075.299805,29/1/04,Shipped,1,1,2004,Classic Cars,214,S10_1949,West Coast Collectables Co.,3105553722,3675 Furth Circle,NULL,Burbank,CA,94019,USA,NA,Thompson,Steve,Medium
10228,29,100,2,6463.22998,10/3/2004,Shipped,1,3,2004,Classic Cars,214,S10_1949,Cambridge Collectables Co.,6175555555,4658 Baden Av.,NULL,Cambridge,MA,51247,USA,NA,Tseng,Kyung,Medium
10245,34,100,9,6120.339844,4/5/2004,Shipped,2,5,2004,Classic Cars,214,S10_1949,Super Scale Inc.,2035559545,567 North Pendale Street,NULL,New Haven,CT,97823,USA,NA,Murphy,Leslie,Medium
10258,32,100,6,7680.640137,15/6/04,Shipped,2,6,2004,Classic Cars,214,S10_1949,"Tokyo Collectables, Ltd",+81 3 3584 0555,2-2-8 Roppongi,NULL,Minato-ku,Tokyo,106-0032,Japan,Japan,Shimamura,Akiko,Large
10270,21,100,9,4905.390137,19/7/04,Shipped,3,7,2004,Classic Cars,214,S10_1949,Souveniers And Things Co.,+61 2 9495 8555,"Monitor Money Building, 815 Pacific Hwy",Level 6,Chatswood,NSW,2067,Australia,APAC,Huxley,Adrian,Medium
10280,34,100,2,8014.819824,17/8/04,Shipped,3,8,2004,Classic Cars,214,S10_1949,Amica Models & Co.,011-4988555,Via Monte Bianco 34,NULL,Torino,NULL,10100,Italy,EMEA,Accorti,Paolo,Large
10291,37,100,11,7136.189941,8/9/2004,Shipped,3,9,2004,Classic Cars,214,S10_1949,Scandinavian Gift Ideas,0695-34 6555,?kergatan 24,NULL,Boras,NULL,S-844 67,Sweden,EMEA,Larsson,Maria,Large
10304,47,100,6,10172.7002,11/10/2004,Shipped,4,10,2004,Classic Cars,214,S10_1949,Auto Assoc. & Cie.,30.59.8555,"67, avenue de l'Europe",NULL,Versailles,NULL,78000,France,EMEA,Tonini,Daniel,Large
10312,48,100,3,11623.7002,21/10/04,Shipped,4,10,2004,Classic Cars,214,S10_1949,Mini Gifts Distributors Ltd.,4155551450,5677 Strong St.,NULL,San Rafael,CA,97562,USA,NA,Nelson,Valarie,Large
10322,40,100,1,6000.399902,4/11/2004,Shipped,4,11,2004,Classic Cars,214,S10_1949,Online Diecast Creations Co.,6035558647,2304 Long Airport Avenue,NULL,Nashua,NH,62005,USA,NA,Young,Valarie,Medium
10333,26,100,3,3003,18/11/04,Shipped,4,11,2004,Classic Cars,214,S10_1949,Mini Wheels Co.,6505555787,5557 North Pendale Street,NULL,San Francisco,CA,NULL,USA,NA,Murphy,Julie,Medium
10347,30,100,1,3944.699951,29/11/04,Shipped,4,11,2004,Classic Cars,214,S10_1949,"Australian Collectors, Co.",03 9520 4555,636 St Kilda Road,Level 3,Melbourne,Victoria,3004,Australia,APAC,Ferguson,Peter,Medium
10357,32,100,10,5691.839844,10/12/2004,Shipped,4,12,2004,Classic Cars,214,S10_1949,Mini Gifts Distributors Ltd.,4155551450,5677 Strong St.,NULL,San Rafael,CA,97562,USA,NA,Nelson,Valarie,Medium
10369,41,100,2,4514.919922,20/1/05,Shipped,1,1,2005,Classic Cars,214,S10_1949,Collectables For Less Inc.,6175558555,7825 Douglas Av.,NULL,Brickhaven,MA,58339,USA,NA,Nelson,Allen,Medium
10381,36,100,3,8254.799805,17/2/05,Shipped,1,2,2005,Classic Cars,214,S10_1949,Corporate Gift Ideas Co.,6505551386,7734 Strong St.,NULL,San Francisco,CA,NULL,USA,NA,Brown,Julie,Large
10391,24,100,4,2416.560059,9/3/2005,Shipped,1,3,2005,Classic Cars,214,S10_1949,"Anna's Decorations, Ltd",02 9936 8555,201 Miller Street,Level 15,North Sydney,NSW,2060,Australia,APAC,O'Hara,Anna,Small
10411,23,100,9,4140.22998,1/5/2005,Shipped,2,5,2005,Classic Cars,214,S10_1949,Quebec Home Shopping Network,(514) 555-8054,43 rue St. Laurent,NULL,Montreal,Quebec,H1J 1C3,Canada,NA,Fresnisre,Jean,Medium
10424,50,100,6,12001,31/5/05,In Process,2,5,2005,Classic Cars,214,S10_1949,Euro Shopping Channel,(91) 555 94 44,"C/ Moralzarzal, 86",NULL,Madrid,NULL,28034,Spain,EMEA,Freyre,Diego,Large
10107,39,99.91000366,5,3896.48999,24/2/03,Shipped,1,2,2003,Motorcycles,118,S10_2016,Land of Toys Inc.,2125557818,897 Long Airport Avenue,NULL,NYC,NY,10022,USA,NA,Yu,Kwai,Medium
10120,29,96.33999634,3,2793.860107,29/4/03,Shipped,2,4,2003,Motorcycles,118,S10_2016,"Australian Collectors, Co.",03 9520 4555,636 St Kilda Road,Level 3,Melbourne,Victoria,3004,Australia,APAC,Ferguson,Peter,Small
10134,27,100,5,3307.77002,1/7/2003,Shipped,3,7,2003,Motorcycles,118,S10_2016,Lyon Souveniers,+33 1 46 62 7555,27 rue du Colonel Pierre Avia,NULL,Paris,NULL,75508,France,EMEA,Da Cunha,Daniel,Medium
10145,37,100,9,5192.950195,25/8/03,Shipped,3,8,2003,Motorcycles,118,S10_2016,Toys4GrownUps.com,6265557265,78934 Hillside Dr.,NULL,Pasadena,CA,90003,USA,NA,Young,Julie,Medium
10159,37,100,17,5016.830078,10/10/2003,Shipped,4,10,2003,Motorcycles,118,S10_2016,Corporate Gift Ideas Co.,6505551386,7734 Strong St.,NULL,San Francisco,CA,NULL,USA,NA,Brown,Julie,Medium
10168,27,100,4,3660.929932,28/10/03,Shipped,4,10,2003,Motorcycles,118,S10_2016,Technics Stores Inc.,6505556809,9408 Furth Circle,NULL,Burlingame,CA,94217,USA,NA,Hirano,Juri,Medium
10180,42,100,12,4695.600098,11/11/2003,Shipped,4,11,2003,Motorcycles,118,S10_2016,Daedalus Designs Imports,20.16.1555,"184, chausse de Tournai",NULL,Lille,NULL,59000,France,EMEA,Rance,Martine,Medium
10188,38,96.33999634,4,3660.919922,18/11/03,Shipped,4,11,2003,Motorcycles,118,S10_2016,Herkku Gifts,+47 2267 3215,"Drammen 121, PR 744 Sentrum",NULL,Bergen,NULL,N 5804,Norway,EMEA,Oeztan,Veysel,Medium
10201,24,100,5,3025.919922,1/12/2003,Shipped,4,12,2003,Motorcycles,118,S10_2016,Mini Wheels Co.,6505555787,5557 North Pendale Street,NULL,San Francisco,CA,NULL,USA,NA,Murphy,Julie,Medium
10210,23,100,2,3009.090088,12/1/2004,Shipped,1,1,2004,Motorcycles,118,S10_2016,Osaka Souveniers Co.,+81 06 6342 5555,"Dojima Avanza 4F, 1-6-20 Dojima, Kita-ku",NULL,Osaka,Osaka,530-0003,Japan,Japan,Kentary,Mory,Medium
10223,47,100,4,5422.390137,20/2/04,Shipped,1,2,2004,Motorcycles,118,S10_2016,"Australian Collectors, Co.",03 9520 4555,636 St Kilda Road,Level 3,Melbourne,Victoria,3004,Australia,APAC,Ferguson,Peter,Medium
10236,22,100,1,2852.080078,3/4/2004,Shipped,2,4,2004,Motorcycles,118,S10_2016,Motor Mint Distributors Inc.,2155559857,11328 Douglas Av.,NULL,Philadelphia,PA,71270,USA,NA,Hernandez,Rosa,Small
10251,44,100,5,5756.52002,18/5/04,Shipped,2,5,2004,Motorcycles,118,S10_2016,Tekni Collectables Inc.,2015559350,7476 Moss Rd.,NULL,Newark,NJ,94019,USA,NA,Brown,William,Medium
10263,40,100,5,4472,28/6/04,Shipped,2,6,2004,Motorcycles,118,S10_2016,Gift Depot Inc.,2035552570,25593 South Bay Ln.,NULL,Bridgewater,CT,97562,USA,NA,King,Julie,Medium
10275,22,100,4,2904.439941,23/7/04,Shipped,3,7,2004,Motorcycles,118,S10_2016,La Rochelle Gifts,40.67.8555,"67, rue des Cinquante Otages",NULL,Nantes,NULL,44000,France,EMEA,Labrune,Janine,Small
10285,47,100,9,6484.589844,27/8/04,Shipped,3,8,2004,Motorcycles,118,S10_2016,Marta's Replicas Co.,6175558555,39323 Spinnaker Dr.,NULL,Cambridge,MA,51247,USA,NA,Hernandez,Marta,Medium
10298,39,96.33999634,1,3757.26001,27/9/04,Shipped,3,9,2004,Motorcycles,118,S10_2016,Atelier graphique,40.32.2555,"54, rue Royale",NULL,Nantes,NULL,44000,France,EMEA,Schmitt,Carine,Medium
10308,34,100,2,4043.959961,15/10/04,Shipped,4,10,2004,Motorcycles,118,S10_2016,Mini Classics,9145554562,3758 North Pendale Street,NULL,White Plains,NY,24067,USA,NA,Frick,Steve,Medium
10318,45,100,4,5566.5,2/11/2004,Shipped,4,11,2004,Motorcycles,118,S10_2016,Diecast Classics Inc.,2155551555,7586 Pompton St.,NULL,Allentown,PA,70267,USA,NA,Yu,Kyung,Medium
10329,20,100,2,3176,15/11/04,Shipped,4,11,2004,Motorcycles,118,S10_2016,Land of Toys Inc.,2125557818,897 Long Airport Avenue,NULL,NYC,NY,10022,USA,NA,Yu,Kwai,Medium
10339,40,68.91999817,4,2756.800049,23/11/04,Shipped,4,11,2004,Motorcycles,118,S10_2016,"Tokyo Collectables, Ltd",+81 3 3584 0555,2-2-8 Roppongi,NULL,Minato-ku,Tokyo,106-0032,Japan,Japan,Shimamura,Akiko,Small
10361,26,51.15000153,8,1329.900024,17/12/04,Shipped,4,12,2004,Motorcycles,118,S10_2016,Souveniers And Things Co.,+61 2 9495 8555,"Monitor Money Building, 815 Pacific Hwy",Level 6,Chatswood,NSW,2067,Australia,APAC,Huxley,Adrian,Small
10374,39,100,5,5288.009766,2/2/2005,Shipped,1,2,2005,Motorcycles,118,S10_2016,"Australian Gift Network, Co",61-7-3844-6555,31 Duncan St. West End,NULL,South Brisbane,Queensland,4101,Australia,APAC,Calaghan,Tony,Medium
10388,50,44.50999832,5,2225.5,3/3/2005,Shipped,1,3,2005,Motorcycles,118,S10_2016,FunGiftIdeas.com,5085552555,1785 First Street,NULL,New Bedford,MA,50553,USA,NA,Benitez,Violeta,Small
10402,45,100,1,5833.799805,7/4/2005,Shipped,2,4,2005,Motorcycles,118,S10_2016,Auto Canal Petit,(1) 47.55.6555,"25, rue Lauriston",NULL,Paris,NULL,75016,France,EMEA,Perrier,Dominique,Medium
10417,45,100,5,5887.350098,13/5/05,Disputed,2,5,2005,Motorcycles,118,S10_2016,Euro Shopping Channel,(91) 555 94 44,"C/ Moralzarzal, 86",NULL,Madrid,NULL,28034,Spain,EMEA,Freyre,Diego,Medium
10107,27,100,4,6065.549805,24/2/03,Shipped,1,2,2003,Motorcycles,193,S10_4698,Land of Toys Inc.,2125557818,897 Long Airport Avenue,NULL,NYC,NY,10022,USA,NA,Yu,Kwai,Medium
10120,46,100,2,9264.860352,29/4/03,Shipped,2,4,2003,Motorcycles,193,S10_4698,"Australian Collectors, Co.",03 9520 4555,636 St Kilda Road,Level 3,Melbourne,Victoria,3004,Australia,APAC,Ferguson,Peter,Large
10134,31,100,4,7023.97998,1/7/2003,Shipped,3,7,2003,Motorcycles,193,S10_4698,Lyon Souveniers,+33 1 46 62 7555,27 rue du Colonel Pierre Avia,NULL,Paris,NULL,75508,France,EMEA,Da Cunha,Daniel,Large
10145,33,100,8,5176.379883,25/8/03,Shipped,3,8,2003,Motorcycles,193,S10_4698,Toys4GrownUps.com,6265557265,78934 Hillside Dr.,NULL,Pasadena,CA,90003,USA,NA,Young,Julie,Medium
10159,22,100,16,4132.700195,10/10/2003,Shipped,4,10,2003,Motorcycles,193,S10_4698,Corporate Gift Ideas Co.,6505551386,7734 Strong St.,NULL,San Francisco,CA,NULL,USA,NA,Brown,Julie,Medium
10168,20,100,3,4183,28/10/03,Shipped,4,10,2003,Motorcycles,193,S10_4698,Technics Stores Inc.,6505556809,9408 Furth Circle,NULL,Burlingame,CA,94217,USA,NA,Hirano,Juri,Medium
10180,41,100,11,8892.900391,11/11/2003,Shipped,4,11,2003,Motorcycles,193,S10_4698,Daedalus Designs Imports,20.16.1555,"184, chausse de Tournai",NULL,Lille,NULL,59000,France,EMEA,Rance,Martine,Large
10188,45,100,3,8714.700195,18/11/03,Shipped,4,11,2003,Motorcycles,193,S10_4698,Herkku Gifts,+47 2267 3215,"Drammen 121, PR 744 Sentrum",NULL,Bergen,NULL,N 5804,Norway,EMEA,Oeztan,Veysel,Large
10201,49,100,4,8065.890137,1/12/2003,Shipped,4,12,2003,Motorcycles,193,S10_4698,Mini Wheels Co.,6505555787,5557 North Pendale Street,NULL,San Francisco,CA,NULL,USA,NA,Murphy,Julie,Large
10210,34,100,1,6123.399902,12/1/2004,Shipped,1,1,2004,Motorcycles,193,S10_4698,Osaka Souveniers Co.,+81 06 6342 5555,"Dojima Avanza 4F, 1-6-20 Dojima, Kita-ku",NULL,Osaka,Osaka,530-0003,Japan,Japan,Kentary,Mory,Medium
10223,49,100,3,9774.030273,20/2/04,Shipped,1,2,2004,Motorcycles,193,S10_4698,"Australian Collectors, Co.",03 9520 4555,636 St Kilda Road,Level 3,Melbourne,Victoria,3004,Australia,APAC,Ferguson,Peter,Large
10237,39,100,9,7023.899902,5/4/2004,Shipped,2,4,2004,Motorcycles,193,S10_4698,Vitachrome Inc.,2125551500,2678 Kingston Rd.,Suite 101,NYC,NY,10022,USA,NA,Frick,Michael,Large
10251,43,100,4,7078.22998,18/5/04,Shipped,2,5,2004,Motorcycles,193,S10_4698,Tekni Collectables Inc.,2015559350,7476 Moss Rd.,NULL,Newark,NJ,94019,USA,NA,Brown,William,Large
10263,41,100,4,8336.94043,28/6/04,Shipped,2,6,2004,Motorcycles,193,S10_4698,Gift Depot Inc.,2035552570,25593 South Bay Ln.,NULL,Bridgewater,CT,97562,USA,NA,King,Julie,Large
10275,36,100,3,6901.919922,23/7/04,Shipped,3,7,2004,Motorcycles,193,S10_4698,La Rochelle Gifts,40.67.8555,"67, rue des Cinquante Otages",NULL,Nantes,NULL,44000,France,EMEA,Labrune,Janine,Medium
10285,27,100,8,5438.069824,27/8/04,Shipped,3,8,2004,Motorcycles,193,S10_4698,Marta's Replicas Co.,6175558555,39323 Spinnaker Dr.,NULL,Cambridge,MA,51247,USA,NA,Hernandez,Marta,Medium
10299,29,100,11,6683.339844,30/9/04,Shipped,3,9,2004,Motorcycles,193,S10_4698,"Toys of Finland, Co.",90-224 8555,Keskuskatu 45,NULL,Helsinki,NULL,21240,Finland,EMEA,Karttunen,Matti,Medium
10308,20,100,1,4570.399902,15/10/04,Shipped,4,10,2004,Motorcycles,193,S10_4698,Mini Classics,9145554562,3758 North Pendale Street,NULL,White Plains,NY,24067,USA,NA,Frick,Steve,Medium
10318,37,100,3,7667.140137,2/11/2004,Shipped,4,11,2004,Motorcycles,193,S10_4698,Diecast Classics Inc.,2155551555,7586 Pompton St.,NULL,Allentown,PA,70267,USA,NA,Yu,Kyung,Large
10329,26,100,3,5868.200195,15/11/04,Shipped,4,11,2004,Motorcycles,193,S10_4698,Land of Toys Inc.,2125557818,897 Long Airport Avenue,NULL,NYC,NY,10022,USA,NA,Yu,Kwai,Medium
10339,39,76.66999817,3,2990.129883,23/11/04,Shipped,4,11,2004,Motorcycles,193,S10_4698,"Tokyo Collectables, Ltd",+81 3 3584 0555,2-2-8 Roppongi,NULL,Minato-ku,Tokyo,106-0032,Japan,Japan,Shimamura,Akiko,Small
10362,22,100,4,3664.100098,5/1/2005,Shipped,1,1,2005,Motorcycles,193,S10_4698,Technics Stores Inc.,6505556809,9408 Furth Circle,NULL,Burlingame,CA,94217,USA,NA,Hirano,Juri,Medium
10374,22,100,1,3834.379883,2/2/2005,Shipped,1,2,2005,Motorcycles,193,S10_4698,"Australian Gift Network, Co",61-7-3844-6555,31 Duncan St. West End,NULL,South Brisbane,Queensland,4101,Australia,APAC,Calaghan,Tony,Medium
10388,21,86.76999664,7,1822.170044,3/3/2005,Shipped,1,3,2005,Motorcycles,193,S10_4698,FunGiftIdeas.com,5085552555,1785 First Street,NULL,New Bedford,MA,50553,USA,NA,Benitez,Violeta,Small
10403,66,100,9,11886.59961,8/4/2005,Shipped,2,4,2005,Motorcycles,193,S10_4698,"UK Collectables, Ltd.",(171) 555-2282,Berkeley Gardens 12  Brewery,NULL,Liverpool,NULL,WX1 6LT,UK,EMEA,Devon,Elizabeth,Large
10417,56,100,4,9218.160156,13/5/05,Disputed,2,5,2005,Motorcycles,193,S10_4698,Euro Shopping Channel,(91) 555 94 44,"C/ Moralzarzal, 86",NULL,Madrid,NULL,28034,Spain,EMEA,Freyre,Diego,Large
10105,50,100,2,7208,11/2/2003,Shipped,1,2,2003,Classic Cars,136,S10_4757,Danish Wholesale Imports,31 12 3555,Vinb'ltet 34,NULL,Kobenhavn,NULL,1734,Denmark,EMEA,Petersen,Jytte,Large
10119,46,100,11,5004.799805,28/4/03,Shipped,2,4,2003,Classic Cars,136,S10_4757,Salzburg Collectables,6562-9555,Geislweg 14,NULL,Salzburg,NULL,5020,Austria,EMEA,Pipps,Georg,Medium
10129,33,100,2,4398.240234,12/6/2003,Shipped,2,6,2003,Classic Cars,136,S10_4757,"Stylish Desk Decors, Co.",(171) 555-0297,35 King George,NULL,London,NULL,WX3 6FW,UK,EMEA,Brown,Ann,Medium
10143,49,100,15,5597.759766,10/8/2003,Shipped,3,8,2003,Classic Cars,136,S10_4757,Mini Creations Ltd.,5085559555,4575 Hillside Dr.,NULL,New Bedford,MA,50553,USA,NA,Tam,Wing C,Medium
10155,32,100,13,4526.080078,6/10/2003,Shipped,4,10,2003,Classic Cars,136,S10_4757,"Toys of Finland, Co.",90-224 8555,Keskuskatu 45,NULL,Helsinki,NULL,21240,Finland,EMEA,Karttunen,Matti,Medium
10167,44,100,9,5924.160156,23/10/03,Cancelled,4,10,2003,Classic Cars,136,S10_4757,Scandinavian Gift Ideas,0695-34 6555,?kergatan 24,NULL,Boras,NULL,S-844 67,Sweden,EMEA,Larsson,Maria,Medium
10178,24,100,12,3492.47998,8/11/2003,Shipped,4,11,2003,Classic Cars,136,S10_4757,Alpha Cognac,61.77.6555,1 rue Alsace-Lorraine,NULL,Toulouse,NULL,31000,France,EMEA,Roulet,Annette,Medium
10186,26,100,9,3854.23999,14/11/03,Shipped,4,11,2003,Classic Cars,136,S10_4757,"Double Decker Gift Stores, Ltd",(171) 555-7555,120 Hanover Sq.,NULL,London,NULL,WA1 1DP,UK,EMEA,Hardy,Thomas,Medium
10197,45,100,6,5324.399902,26/11/03,Shipped,4,11,2003,Classic Cars,136,S10_4757,Enaco Distributors,(93) 203 4555,"Rambla de Catalu a, 23",NULL,Barcelona,NULL,8022,Spain,EMEA,Saavedra,Eduardo,Medium
10209,39,100,8,5197.919922,9/1/2004,Shipped,1,1,2004,Classic Cars,136,S10_4757,"Men 'R' US Retailers, Ltd.",2155554369,6047 Douglas Av.,NULL,Los Angeles,CA,NULL,USA,NA,Chandler,Michael,Medium
10222,49,100,12,5997.600098,19/2/04,Shipped,1,2,2004,Classic Cars,136,S10_4757,Collectable Mini Designs Co.,7605558146,361 Furth Circle,NULL,San Diego,CA,91217,USA,NA,Thompson,Valarie,Medium
10248,20,100,3,2910.399902,7/5/2004,Cancelled,2,5,2004,Classic Cars,136,S10_4757,Land of Toys Inc.,2125557818,897 Long Airport Avenue,NULL,NYC,NY,10022,USA,NA,Yu,Kwai,Small
10261,27,100,1,3378.23999,17/6/04,Shipped,2,6,2004,Classic Cars,136,S10_4757,Quebec Home Shopping Network,(514) 555-8054,43 rue St. Laurent,NULL,Montreal,Quebec,H1J 1C3,Canada,NA,Fresnisre,Jean,Medium
10273,30,100,4,3508.800049,21/7/04,Shipped,3,7,2004,Classic Cars,136,S10_4757,Petit Auto,(02) 5554 67,Rue Joseph-Bens 532,NULL,Bruxelles,NULL,B-1180,Belgium,EMEA,Dewey,Catherine,Medium
10283,25,100,6,2992,20/8/04,Shipped,3,8,2004,Classic Cars,136,S10_4757,"Royal Canadian Collectables, Ltd.",(604) 555-4555,23 Tsawassen Blvd.,NULL,Tsawassen,BC,T2F 8M4,Canada,NA,Lincoln,Elizabeth,Small
10295,24,100,1,3427.199951,10/9/2004,Shipped,3,9,2004,Classic Cars,136,S10_4757,Gifts4AllAges.com,6175559555,8616 Spinnaker Dr.,NULL,Boston,MA,51003,USA,NA,Yoshido,Juri,Medium
10307,22,100,9,2692.800049,14/10/04,Shipped,4,10,2004,Classic Cars,136,S10_4757,"Classic Gift Ideas, Inc",2155554695,782 First Street,NULL,Philadelphia,PA,71270,USA,NA,Cervantes,Francisca,Small
10316,33,100,17,4128.959961,1/11/2004,Shipped,4,11,2004,Classic Cars,136,S10_4757,giftsbymail.co.uk,(198) 555-8888,Garden House Crowther Way,NULL,Cowes,Isle of Wight,PO31 7PJ,UK,EMEA,Bennett,Helen,Medium
10325,47,64.93000031,6,3051.709961,5/11/2004,Shipped,4,11,2004,Classic Cars,136,S10_4757,Baane Mini Imports,07-98 9555,Erling Skakkes gate 78,NULL,Stavern,NULL,4110,Norway,EMEA,Bergulfsen,Jonas,Medium
10337,25,48.04999924,8,1201.25,21/11/04,Shipped,4,11,2004,Classic Cars,136,S10_4757,Classic Legends Inc.,2125558493,5905 Pompton St.,Suite 750,NYC,NY,10022,USA,NA,Hernandez,Maria,Small
10350,26,75.47000122,5,1962.219971,2/12/2004,Shipped,4,12,2004,Classic Cars,136,S10_4757,Euro Shopping Channel,(91) 555 94 44,"C/ Moralzarzal, 86",NULL,Madrid,NULL,28034,Spain,EMEA,Freyre,Diego,Small
10359,48,54.68000031,6,2624.639893,15/12/04,Shipped,4,12,2004,Classic Cars,136,S10_4757,Reims Collectables,26.47.1555,59 rue de l'Abbaye,NULL,Reims,NULL,51100,France,EMEA,Henriot,Paul,Small
10373,39,100,3,4046.25,31/1/05,Shipped,1,1,2005,Classic Cars,136,S10_4757,"Oulu Toy Supplies, Inc.",981-443655,Torikatu 38,NULL,Oulu,NULL,90110,Finland,EMEA,Koskitalo,Pirkko,Medium
10384,34,100,4,4846.700195,23/2/05,Shipped,1,2,2005,Classic Cars,136,S10_4757,Corporate Gift Ideas Co.,6505551386,7734 Strong St.,NULL,San Francisco,CA,NULL,USA,NA,Brown,Julie,Medium
10395,32,100,2,3370.560059,17/3/05,Shipped,1,3,2005,Classic Cars,136,S10_4757,Lyon Souveniers,+33 1 46 62 7555,27 rue du Colonel Pierre Avia,NULL,Paris,NULL,75508,France,EMEA,Da Cunha,Daniel,Medium
10400,64,100,9,9661.44043,1/4/2005,Shipped,2,4,2005,Classic Cars,136,S10_4757,The Sharp Gifts Warehouse,4085553659,3086 Ingle Ln.,NULL,San Jose,CA,94217,USA,NA,Frick,Sue,Large
10414,19,100,3,2764.879883,6/5/2005,On Hold,2,5,2005,Classic Cars,136,S10_4757,Gifts4AllAges.com,6175559555,8616 Spinnaker Dr.,NULL,Boston,MA,51003,USA,NA,Yoshido,Juri,Small
10103,42,100,4,5398.259766,29/1/03,Shipped,1,1,2003,Classic Cars,147,S10_4962,Baane Mini Imports,07-98 9555,Erling Skakkes gate 78,NULL,Stavern,NULL,4110,Norway,EMEA,Bergulfsen,Jonas,Medium
10114,31,100,8,4305.279785,1/4/2003,Shipped,2,4,2003,Classic Cars,147,S10_4962,"La Corne D'abondance, Co.",(1) 42.34.2555,"265, boulevard Charonne",NULL,Paris,NULL,75012,France,EMEA,Bertrand,Marie,Medium
10126,22,100,4,3347.73999,28/5/03,Shipped,2,5,2003,Classic Cars,147,S10_4962,"Corrida Auto Replicas, Ltd",(91) 555 22 82,"C/ Araquil, 67",NULL,Madrid,NULL,28023,Spain,EMEA,Sommer,Mart n,Medium
10140,26,100,4,3188.120117,24/7/03,Shipped,3,7,2003,Classic Cars,147,S10_4962,Technics Stores Inc.,6505556809,9408 Furth Circle,NULL,Burlingame,CA,94217,USA,NA,Hirano,Juri,Medium
10150,20,100,1,3191.199951,19/9/03,Shipped,3,9,2003,Classic Cars,147,S10_4962,"Dragon Souveniers, Ltd.",+65 221 7555,"Bronz Sok., Bronz Apt. 3/6 Tesvikiye",NULL,Singapore,NULL,79903,Singapore,Japan,Natividad,Eric,Medium
10164,21,100,2,3536.820068,21/10/03,Resolved,4,10,2003,Classic Cars,147,S10_4962,Mini Auto Werke,7675-3555,Kirchgasse 6,NULL,Graz,NULL,8010,Austria,EMEA,Mendel,Roland,Medium
10175,33,100,9,5362.830078,6/11/2003,Shipped,4,11,2003,Classic Cars,147,S10_4962,"Stylish Desk Decors, Co.",(171) 555-0297,35 King George,NULL,London,NULL,WX3 6FW,UK,EMEA,Brown,Ann,Medium
10183,28,100,1,3433.360107,13/11/03,Shipped,4,11,2003,Classic Cars,147,S10_4962,"Classic Gift Ideas, Inc",2155554695,782 First Street,NULL,Philadelphia,PA,71270,USA,NA,Cervantes,Francisca,Medium
10194,26,100,4,4263.740234,25/11/03,Shipped,4,11,2003,Classic Cars,147,S10_4962,"Saveley & Henriot, Co.",78.32.5555,"2, rue du Commerce",NULL,Lyon,NULL,69004,France,EMEA,Saveley,Mary,Medium
10207,31,100,15,4076.189941,9/12/2003,Shipped,4,12,2003,Classic Cars,147,S10_4962,Diecast Collectables,6175552555,6251 Ingle Ln.,NULL,Boston,MA,51003,USA,NA,Franco,Valarie,Medium
10217,48,100,4,7020.47998,4/2/2004,Shipped,1,2,2004,Classic Cars,147,S10_4962,Handji Gifts& Co,+65 224 1555,Village Close - 106 Linden Road Sandown,2nd Floor,Singapore,NULL,69045,Singapore,APAC,Victorino,Wendy,Large
10229,50,100,9,6426.5,11/3/2004,Shipped,1,3,2004,Classic Cars,147,S10_4962,Mini Gifts Distributors Ltd.,4155551450,5677 Strong St.,NULL,San Rafael,CA,97562,USA,NA,Nelson,Valarie,Medium
10245,28,100,2,4591.720215,4/5/2004,Shipped,2,5,2004,Classic Cars,147,S10_4962,Super Scale Inc.,2035559545,567 North Pendale Street,NULL,New Haven,CT,97823,USA,NA,Murphy,Leslie,Medium
10259,26,100,12,4033.379883,15/6/04,Shipped,2,6,2004,Classic Cars,147,S10_4962,Handji Gifts& Co,+65 224 1555,Village Close - 106 Linden Road Sandown,2nd Floor,Singapore,NULL,69045,Singapore,APAC,Victorino,Wendy,Medium
10270,32,100,2,4302.080078,19/7/04,Shipped,3,7,2004,Classic Cars,147,S10_4962,Souveniers And Things Co.,+61 2 9495 8555,"Monitor Money Building, 815 Pacific Hwy",Level 6,Chatswood,NSW,2067,Australia,APAC,Huxley,Adrian,Medium
10281,44,100,9,7020.640137,19/8/04,Shipped,3,8,2004,Classic Cars,147,S10_4962,Diecast Classics Inc.,2155551555,7586 Pompton St.,NULL,Allentown,PA,70267,USA,NA,Yu,Kyung,Large
10291,30,100,4,3855.899902,8/9/2004,Shipped,3,9,2004,Classic Cars,147,S10_4962,Scandinavian Gift Ideas,0695-34 6555,?kergatan 24,NULL,Boras,NULL,S-844 67,Sweden,EMEA,Larsson,Maria,Medium
10305,38,100,13,6680.779785,13/10/04,Shipped,4,10,2004,Classic Cars,147,S10_4962,Marta's Replicas Co.,6175558555,39323 Spinnaker Dr.,NULL,Cambridge,MA,51247,USA,NA,Hernandez,Marta,Medium
10313,40,100,7,6678,22/10/04,Shipped,4,10,2004,Classic Cars,147,S10_4962,Canadian Gift Exchange Network,(604) 555-3392,1900 Oak St.,NULL,Vancouver,BC,V3F 2K1,Canada,NA,Tannamuri,Yoshi,Medium
10322,46,61.99000168,8,2851.540039,4/11/2004,Shipped,4,11,2004,Classic Cars,147,S10_4962,Online Diecast Creations Co.,6035558647,2304 Long Airport Avenue,NULL,Nashua,NH,62005,USA,NA,Young,Valarie,Small
10334,26,100,2,3188.120117,19/11/04,On Hold,4,11,2004,Classic Cars,147,S10_4962,"Volvo Model Replicas, Co",0921-12 3555,Berguvsv gen  8,NULL,Lule,NULL,S-958 22,Sweden,EMEA,Berglund,Christina,Medium
10347,27,100,2,4428,29/11/04,Shipped,4,11,2004,Classic Cars,147,S10_4962,"Australian Collectors, Co.",03 9520 4555,636 St Kilda Road,Level 3,Melbourne,Victoria,3004,Australia,APAC,Ferguson,Peter,Medium
10357,43,100,9,5780.919922,10/12/2004,Shipped,4,12,2004,Classic Cars,147,S10_4962,Mini Gifts Distributors Ltd.,4155551450,5677 Strong St.,NULL,San Rafael,CA,97562,USA,NA,Nelson,Valarie,Medium
10370,35,65.62999725,4,2297.050049,20/1/05,Shipped,1,1,2005,Classic Cars,147,S10_4962,"Anna's Decorations, Ltd",02 9936 8555,201 Miller Street,Level 15,North Sydney,NSW,2060,Australia,APAC,O'Hara,Anna,Small
10381,37,100,6,6231.540039,17/2/05,Shipped,1,2,2005,Classic Cars,147,S10_4962,Corporate Gift Ideas Co.,6505551386,7734 Strong St.,NULL,San Francisco,CA,NULL,USA,NA,Brown,Julie,Medium
10391,37,46.90000153,7,1735.300049,9/3/2005,Shipped,1,3,2005,Classic Cars,147,S10_4962,"Anna's Decorations, Ltd",02 9936 8555,201 Miller Street,Level 15,North Sydney,NSW,2060,Australia,APAC,O'Hara,Anna,Small
10411,27,100,2,4427.72998,1/5/2005,Shipped,2,5,2005,Classic Cars,147,S10_4962,Quebec Home Shopping Network,(514) 555-8054,43 rue St. Laurent,NULL,Montreal,Quebec,H1J 1C3,Canada,NA,Fresnisre,Jean,Medium
10425,38,100,12,5894.939941,31/5/05,In Process,2,5,2005,Classic Cars,147,S10_4962,La Rochelle Gifts,40.67.8555,"67, rue des Cinquante Otages",NULL,Nantes,NULL,44000,France,EMEA,Labrune,Janine,Medium
10108,33,100,6,5265.149902,3/3/2003,Shipped,1,3,2003,Classic Cars,194,S12_1099,Cruz & Sons Co.,+63 2 555 3587,15 McCallum Street - NatWest Center #13-03,NULL,Makati City,NULL,1227 MM,Philippines,Japan,Cruz,Arnold,Medium
10122,42,100,10,7599.899902,8/5/2003,Shipped,2,5,2003,Classic Cars,194,S12_1099,Marseille Mini Autos,91.24.4555,"12, rue des Bouchers",NULL,Marseille,NULL,13008,France,EMEA,Lebihan,Laurence,Large
10135,42,100,7,8008.560059,2/7/2003,Shipped,3,7,2003,Classic Cars,194,S12_1099,Mini Gifts Distributors Ltd.,4155551450,5677 Strong St.,NULL,San Rafael,CA,97562,USA,NA,Nelson,Valarie,Large
10147,48,100,7,9245.759766,5/9/2003,Shipped,3,9,2003,Classic Cars,194,S12_1099,Collectables For Less Inc.,6175558555,7825 Douglas Av.,NULL,Brickhaven,MA,58339,USA,NA,Nelson,Allen,Large
10159,41,100,2,8296.349609,10/10/2003,Shipped,4,10,2003,Classic Cars,194,S12_1099,Corporate Gift Ideas Co.,6505551386,7734 Strong St.,NULL,San Francisco,CA,NULL,USA,NA,Brown,Julie,Large
10169,30,100,2,5019.899902,4/11/2003,Shipped,4,11,2003,Classic Cars,194,S12_1099,"Anna's Decorations, Ltd",02 9936 8555,201 Miller Street,Level 15,North Sydney,NSW,2060,Australia,APAC,O'Hara,Anna,Medium
10181,27,100,14,5411.069824,12/11/2003,Shipped,4,11,2003,Classic Cars,194,S12_1099,Herkku Gifts,+47 2267 3215,"Drammen 121, PR 744 Sentrum",NULL,Bergen,NULL,N 5804,Norway,EMEA,Oeztan,Veysel,Medium
10191,21,100,3,3840.899902,20/11/03,Shipped,4,11,2003,Classic Cars,194,S12_1099,"Toms Spezialitten, Ltd",0221-5554327,Mehrheimerstr. 369,NULL,Koln,NULL,50739,Germany,EMEA,Pfalzheim,Henriette,Medium
10203,20,100,8,3930.399902,2/12/2003,Shipped,4,12,2003,Classic Cars,194,S12_1099,Euro Shopping Channel,(91) 555 94 44,"C/ Moralzarzal, 86",NULL,Madrid,NULL,28034,Spain,EMEA,Freyre,Diego,Medium
10211,41,100,2,7498.899902,15/1/04,Shipped,1,1,2004,Classic Cars,194,S12_1099,Auto Canal Petit,(1) 47.55.6555,"25, rue Lauriston",NULL,Paris,NULL,75016,France,EMEA,Perrier,Dominique,Large
10225,27,100,9,4517.910156,22/2/04,Shipped,1,2,2004,Classic Cars,194,S12_1099,"Vida Sport, Ltd",0897-034555,Grenzacherweg 237,NULL,Gensve,NULL,1203,Switzerland,EMEA,Holz,Michael,Medium
10238,28,100,3,5774.720215,9/4/2004,Shipped,2,4,2004,Classic Cars,194,S12_1099,Danish Wholesale Imports,31 12 3555,Vinb'ltet 34,NULL,Kobenhavn,NULL,1734,Denmark,EMEA,Petersen,Jytte,Medium
10253,24,100,13,3922.560059,1/6/2004,Cancelled,2,6,2004,Classic Cars,194,S12_1099,"UK Collectables, Ltd.",(171) 555-2282,Berkeley Gardens 12  Brewery,NULL,Liverpool,NULL,WX1 6LT,UK,EMEA,Devon,Elizabeth,Medium
10266,44,100,14,9160.360352,6/7/2004,Shipped,3,7,2004,Classic Cars,194,S12_1099,L'ordine Souveniers,0522-556555,Strada Provinciale 124,NULL,Reggio Emilia,NULL,42100,Italy,EMEA,Moroni,Maurizio,Large
10276,50,100,3,9631,2/8/2004,Shipped,3,8,2004,Classic Cars,194,S12_1099,Online Mini Collectables,6175557555,7635 Spinnaker Dr.,NULL,Brickhaven,MA,58339,USA,NA,Barajas,Miguel,Large
10287,21,100,12,3432.23999,30/8/04,Shipped,3,8,2004,Classic Cars,194,S12_1099,"Vida Sport, Ltd",0897-034555,Grenzacherweg 237,NULL,Gensve,NULL,1203,Switzerland,EMEA,Holz,Michael,Medium
10300,33,100,5,5521.890137,4/10/2003,Shipped,4,10,2003,Classic Cars,194,S12_1099,"Blauer See Auto, Co.",+49 69 66 90 2555,Lyonerstr. 34,NULL,Frankfurt,NULL,60528,Germany,EMEA,Keitel,Roland,Medium
10310,33,100,10,6934.620117,16/10/04,Shipped,4,10,2004,Classic Cars,194,S12_1099,"Toms Spezialitten, Ltd",0221-5554327,Mehrheimerstr. 369,NULL,Koln,NULL,50739,Germany,EMEA,Pfalzheim,Henriette,Medium
10320,31,100,3,6876.109863,3/11/2004,Shipped,4,11,2004,Classic Cars,194,S12_1099,"Volvo Model Replicas, Co",0921-12 3555,Berguvsv gen  8,NULL,Lule,NULL,S-958 22,Sweden,EMEA,Berglund,Christina,Medium
10329,41,71.47000122,5,2930.27002,15/11/04,Shipped,4,11,2004,Classic Cars,194,S12_1099,Land of Toys Inc.,2125557818,897 Long Airport Avenue,NULL,NYC,NY,10022,USA,NA,Yu,Kwai,Small
10341,45,79.65000153,2,3584.25,24/11/04,Shipped,4,11,2004,Classic Cars,194,S12_1099,Salzburg Collectables,6562-9555,Geislweg 14,NULL,Salzburg,NULL,5020,Austria,EMEA,Pipps,Georg,Medium
10363,33,85.38999939,3,2817.870117,6/1/2005,Shipped,1,1,2005,Classic Cars,194,S12_1099,Suominen Souveniers,+358 9 8045 555,"Software Engineering Center, SEC Oy",NULL,Espoo,NULL,FIN-02271,Finland,EMEA,Suominen,Kalle,Small
10375,45,76,7,3420,3/2/2005,Shipped,1,2,2005,Classic Cars,194,S12_1099,La Rochelle Gifts,40.67.8555,"67, rue des Cinquante Otages",NULL,Nantes,NULL,44000,France,EMEA,Labrune,Janine,Medium
10389,26,99.04000092,4,2575.040039,3/3/2005,Shipped,1,3,2005,Classic Cars,194,S12_1099,Scandinavian Gift Ideas,0695-34 6555,?kergatan 24,NULL,Boras,NULL,S-844 67,Sweden,EMEA,Larsson,Maria,Small
10419,12,100,13,1961.280029,17/5/05,Shipped,2,5,2005,Classic Cars,194,S12_1099,Salzburg Collectables,6562-9555,Geislweg 14,NULL,Salzburg,NULL,5020,Austria,EMEA,Pipps,Georg,Small
10105,41,100,15,8690.360352,11/2/2003,Shipped,1,2,2003,Classic Cars,207,S12_1108,Danish Wholesale Imports,31 12 3555,Vinb'ltet 34,NULL,Kobenhavn,NULL,1734,Denmark,EMEA,Petersen,Jytte,Large
10117,33,100,9,6034.379883,16/4/03,Shipped,2,4,2003,Classic Cars,207,S12_1108,"Dragon Souveniers, Ltd.",+65 221 7555,"Bronz Sok., Bronz Apt. 3/6 Tesvikiye",NULL,Singapore,NULL,79903,Singapore,Japan,Natividad,Eric,Medium
10127,46,100,2,11279.2002,3/6/2003,Shipped,2,6,2003,Classic Cars,207,S12_1108,Muscle Machine Inc,2125557413,4092 Furth Circle,Suite 400,NYC,NY,10022,USA,NA,Young,Jeff,Large
10142,33,100,12,8023.290039,8/8/2003,Shipped,3,8,2003,Classic Cars,207,S12_1108,Mini Gifts Distributors Ltd.,4155551450,5677 Strong St.,NULL,San Rafael,CA,97562,USA,NA,Nelson,Valarie,Large
10153,20,100,11,4904,28/9/03,Shipped,3,9,2003,Classic Cars,207,S12_1108,Euro Shopping Channel,(91) 555 94 44,"C/ Moralzarzal, 86",NULL,Madrid,NULL,28034,Spain,EMEA,Freyre,Diego,Medium
10165,44,100,3,8594.519531,22/10/03,Shipped,4,10,2003,Classic Cars,207,S12_1108,"Dragon Souveniers, Ltd.",+65 221 7555,"Bronz Sok., Bronz Apt. 3/6 Tesvikiye",NULL,Singapore,NULL,79903,Singapore,Japan,Natividad,Eric,Large
10176,33,100,2,7474.5,6/11/2003,Shipped,4,11,2003,Classic Cars,207,S12_1108,L'ordine Souveniers,0522-556555,Strada Provinciale 124,NULL,Reggio Emilia,NULL,42100,Italy,EMEA,Moroni,Maurizio,Large
10185,21,100,13,3883.73999,14/11/03,Shipped,4,11,2003,Classic Cars,207,S12_1108,Mini Creations Ltd.,5085559555,4575 Hillside Dr.,NULL,New Bedford,MA,50553,USA,NA,Tam,Wing C,Medium
10196,47,100,5,8887.700195,26/11/03,Shipped,4,11,2003,Classic Cars,207,S12_1108,Super Scale Inc.,2035559545,567 North Pendale Street,NULL,New Haven,CT,97823,USA,NA,Murphy,Leslie,Large
10208,46,100,13,8602.919922,2/1/2004,Shipped,1,1,2004,Classic Cars,207,S12_1108,"Saveley & Henriot, Co.",78.32.5555,"2, rue du Commerce",NULL,Lyon,NULL,69004,France,EMEA,Saveley,Mary,Large
10220,32,100,2,7181.439941,12/2/2004,Shipped,1,2,2004,Classic Cars,207,S12_1108,"Clover Collections, Co.",+353 1862 1555,25 Maiden Lane,Floor No. 4,Dublin,NULL,2,Ireland,EMEA,Cassidy,Dean,Large
10231,42,100,2,8378.580078,19/3/04,Shipped,1,3,2004,Classic Cars,207,S12_1108,CAF Imports,+34 913 728 555,"Merchants House, 27-30 Merchant's Quay",NULL,Madrid,NULL,28023,Spain,EMEA,Fernandez,Jesus,Large
10247,44,100,2,10606.2002,5/5/2004,Shipped,2,5,2004,Classic Cars,207,S12_1108,Suominen Souveniers,+358 9 8045 555,"Software Engineering Center, SEC Oy",NULL,Espoo,NULL,FIN-02271,Finland,EMEA,Suominen,Kalle,Large
10272,35,100,2,5818.399902,20/7/04,Shipped,3,7,2004,Classic Cars,207,S12_1108,Diecast Classics Inc.,2155551555,7586 Pompton St.,NULL,Allentown,PA,70267,USA,NA,Yu,Kyung,Medium
10282,41,100,5,7071.27002,20/8/04,Shipped,3,8,2004,Classic Cars,207,S12_1108,Mini Gifts Distributors Ltd.,4155551450,5677 Strong St.,NULL,San Rafael,CA,97562,USA,NA,Nelson,Valarie,Large
10293,46,100,8,8411.55957,9/9/2004,Shipped,3,9,2004,Classic Cars,207,S12_1108,Amica Models & Co.,011-4988555,Via Monte Bianco 34,NULL,Torino,NULL,10100,Italy,EMEA,Accorti,Paolo,Large
10306,31,100,13,6570.759766,14/10/04,Shipped,4,10,2004,Classic Cars,207,S12_1108,"AV Stores, Co.",(171) 555-1555,Fauntleroy Circus,NULL,Manchester,NULL,EC2 5NT,UK,EMEA,Ashworth,Victoria,Medium
10314,38,100,5,7975.439941,22/10/04,Shipped,4,10,2004,Classic Cars,207,S12_1108,Heintze Collectables,86 21 3555,Smagsloget 45,NULL,Aaarhus,NULL,8200,Denmark,EMEA,Ibsen,Palle,Large
10325,42,64,8,2688,5/11/2004,Shipped,4,11,2004,Classic Cars,207,S12_1108,Baane Mini Imports,07-98 9555,Erling Skakkes gate 78,NULL,Stavern,NULL,4110,Norway,EMEA,Bergulfsen,Jonas,Small
10336,33,57.22000122,10,1888.26001,20/11/04,Shipped,4,11,2004,Classic Cars,207,S12_1108,"La Corne D'abondance, Co.",(1) 42.34.2555,"265, boulevard Charonne",NULL,Paris,NULL,75012,France,EMEA,Bertrand,Marie,Small
10348,48,52.36000061,8,2513.280029,1/11/2004,Shipped,4,11,2004,Classic Cars,207,S12_1108,"Corrida Auto Replicas, Ltd",(91) 555 22 82,"C/ Araquil, 67",NULL,Madrid,NULL,28023,Spain,EMEA,Sommer,Mart n,Small
10359,42,100,8,4764.47998,15/12/04,Shipped,4,12,2004,Classic Cars,207,S12_1108,Reims Collectables,26.47.1555,59 rue de l'Abbaye,NULL,Reims,NULL,51100,France,EMEA,Henriot,Paul,Medium
10371,32,100,6,3560.639893,23/1/05,Shipped,1,1,2005,Classic Cars,207,S12_1108,Mini Gifts Distributors Ltd.,4155551450,5677 Strong St.,NULL,San Rafael,CA,97562,USA,NA,Nelson,Valarie,Medium
10382,34,100,10,3823.639893,17/2/05,Shipped,1,2,2005,Classic Cars,207,S12_1108,Mini Gifts Distributors Ltd.,4155551450,5677 Strong St.,NULL,San Rafael,CA,97562,USA,NA,Nelson,Valarie,Medium
10395,33,69.12000275,1,2280.959961,17/3/05,Shipped,1,3,2005,Classic Cars,207,S12_1108,Lyon Souveniers,+33 1 46 62 7555,27 rue du Colonel Pierre Avia,NULL,Paris,NULL,75508,France,EMEA,Da Cunha,Daniel,Small
10413,36,100,2,8677.799805,5/5/2005,Shipped,2,5,2005,Classic Cars,207,S12_1108,Gift Depot Inc.,2035552570,25593 South Bay Ln.,NULL,Bridgewater,CT,97562,USA,NA,King,Julie,Large
10103,27,100,8,3394.97998,29/1/03,Shipped,1,1,2003,Trucks and Buses,136,S12_1666,Baane Mini Imports,07-98 9555,Erling Skakkes gate 78,NULL,Stavern,NULL,4110,Norway,EMEA,Bergulfsen,Jonas,Medium
10113,21,100,2,3415.439941,26/3/03,Shipped,1,3,2003,Trucks and Buses,136,S12_1666,Mini Gifts Distributors Ltd.,4155551450,5677 Strong St.,NULL,San Rafael,CA,97562,USA,NA,Nelson,Valarie,Medium
10126,21,100,8,2439.570068,28/5/03,Shipped,2,5,2003,Trucks and Buses,136,S12_1666,"Corrida Auto Replicas, Ltd",(91) 555 22 82,"C/ Araquil, 67",NULL,Madrid,NULL,28023,Spain,EMEA,Sommer,Mart n,Small
10140,38,100,8,4829.799805,24/7/03,Shipped,3,7,2003,Trucks and Buses,136,S12_1666,Technics Stores Inc.,6505556809,9408 Furth Circle,NULL,Burlingame,CA,94217,USA,NA,Hirano,Juri,Medium
10150,30,100,5,4100.100098,19/9/03,Shipped,3,9,2003,Trucks and Buses,136,S12_1666,"Dragon Souveniers, Ltd.",+65 221 7555,"Bronz Sok., Bronz Apt. 3/6 Tesvikiye",NULL,Singapore,NULL,79903,Singapore,Japan,Natividad,Eric,Medium
10164,49,100,6,6563.060059,21/10/03,Resolved,4,10,2003,Trucks and Buses,136,S12_1666,Mini Auto Werke,7675-3555,Kirchgasse 6,NULL,Graz,NULL,8010,Austria,EMEA,Mendel,Roland,Medium
10174,43,100,1,6817.220215,6/11/2003,Shipped,4,11,2003,Trucks and Buses,136,S12_1666,"Australian Gift Network, Co",61-7-3844-6555,31 Duncan St. West End,NULL,South Brisbane,Queensland,4101,Australia,APAC,Calaghan,Tony,Medium
10183,41,100,5,6163.939941,13/11/03,Shipped,4,11,2003,Trucks and Buses,136,S12_1666,"Classic Gift Ideas, Inc",2155554695,782 First Street,NULL,Philadelphia,PA,71270,USA,NA,Cervantes,Francisca,Medium
10194,38,100,8,4933.919922,25/11/03,Shipped,4,11,2003,Trucks and Buses,136,S12_1666,"Saveley & Henriot, Co.",78.32.5555,"2, rue du Commerce",NULL,Lyon,NULL,69004,France,EMEA,Saveley,Mary,Medium
10206,28,100,3,4056.360107,5/12/2003,Shipped,4,12,2003,Trucks and Buses,136,S12_1666,Canadian Gift Exchange Network,(604) 555-3392,1900 Oak St.,NULL,Vancouver,BC,V3F 2K1,Canada,NA,Tannamuri,Yoshi,Medium
10216,43,100,1,5759.419922,2/2/2004,Shipped,1,2,2004,Trucks and Buses,136,S12_1666,Auto Assoc. & Cie.,30.59.8555,"67, avenue de l'Europe",NULL,Versailles,NULL,78000,France,EMEA,Tonini,Daniel,Medium
10229,25,100,13,3451,11/3/2004,Shipped,1,3,2004,Trucks and Buses,136,S12_1666,Mini Gifts Distributors Ltd.,4155551450,5677 Strong St.,NULL,San Rafael,CA,97562,USA,NA,Nelson,Valarie,Medium
10245,38,100,6,5920.399902,4/5/2004,Shipped,2,5,2004,Trucks and Buses,136,S12_1666,Super Scale Inc.,2035559545,567 North Pendale Street,NULL,New Haven,CT,97823,USA,NA,Murphy,Leslie,Medium
10258,41,100,3,6668.240234,15/6/04,Shipped,2,6,2004,Trucks and Buses,136,S12_1666,"Tokyo Collectables, Ltd",+81 3 3584 0555,2-2-8 Roppongi,NULL,Minato-ku,Tokyo,106-0032,Japan,Japan,Shimamura,Akiko,Medium
10270,28,100,6,4094.719971,19/7/04,Shipped,3,7,2004,Trucks and Buses,136,S12_1666,Souveniers And Things Co.,+61 2 9495 8555,"Monitor Money Building, 815 Pacific Hwy",Level 6,Chatswood,NSW,2067,Australia,APAC,Huxley,Adrian,Medium
10281,25,100,13,2938.5,19/8/04,Shipped,3,8,2004,Trucks and Buses,136,S12_1666,Diecast Classics Inc.,2155551555,7586 Pompton St.,NULL,Allentown,PA,70267,USA,NA,Yu,Kyung,Small
10291,41,100,8,6387.799805,8/9/2004,Shipped,3,9,2004,Trucks and Buses,136,S12_1666,Scandinavian Gift Ideas,0695-34 6555,?kergatan 24,NULL,Boras,NULL,S-844 67,Sweden,EMEA,Larsson,Maria,Medium
10304,39,100,3,6396,11/10/2004,Shipped,4,10,2004,Trucks and Buses,136,S12_1666,Auto Assoc. & Cie.,30.59.8555,"67, avenue de l'Europe",NULL,Versailles,NULL,78000,France,EMEA,Tonini,Daniel,Medium
10313,21,100,11,2669.100098,22/10/04,Shipped,4,10,2004,Trucks and Buses,136,S12_1666,Canadian Gift Exchange Network,(604) 555-3392,1900 Oak St.,NULL,Vancouver,BC,V3F 2K1,Canada,NA,Tannamuri,Yoshi,Small
10322,27,100,9,4784.129883,4/11/2004,Shipped,4,11,2004,Trucks and Buses,136,S12_1666,Online Diecast Creations Co.,6035558647,2304 Long Airport Avenue,NULL,Nashua,NH,62005,USA,NA,Young,Valarie,Medium
10333,33,99.20999908,6,3273.929932,18/11/04,Shipped,4,11,2004,Trucks and Buses,136,S12_1666,Mini Wheels Co.,6505555787,5557 North Pendale Street,NULL,San Francisco,CA,NULL,USA,NA,Murphy,Julie,Medium
10347,29,100,3,3586.429932,29/11/04,Shipped,4,11,2004,Trucks and Buses,136,S12_1666,"Australian Collectors, Co.",03 9520 4555,636 St Kilda Road,Level 3,Melbourne,Victoria,3004,Australia,APAC,Ferguson,Peter,Medium
10357,49,100,8,5960.359863,10/12/2004,Shipped,4,12,2004,Trucks and Buses,136,S12_1666,Mini Gifts Distributors Ltd.,4155551450,5677 Strong St.,NULL,San Rafael,CA,97562,USA,NA,Nelson,Valarie,Medium
10370,49,100,8,8470.139648,20/1/05,Shipped,1,1,2005,Trucks and Buses,136,S12_1666,"Anna's Decorations, Ltd",02 9936 8555,201 Miller Street,Level 15,North Sydney,NSW,2060,Australia,APAC,O'Hara,Anna,Large
10381,20,100,1,2952,17/2/05,Shipped,1,2,2005,Trucks and Buses,136,S12_1666,Corporate Gift Ideas Co.,6505551386,7734 Strong St.,NULL,San Francisco,CA,NULL,USA,NA,Brown,Julie,Small
10391,39,63.20000076,9,2464.800049,9/3/2005,Shipped,1,3,2005,Trucks and Buses,136,S12_1666,"Anna's Decorations, Ltd",02 9936 8555,201 Miller Street,Level 15,North Sydney,NSW,2060,Australia,APAC,O'Hara,Anna,Small
10411,40,100,6,6232,1/5/2005,Shipped,2,5,2005,Trucks and Buses,136,S12_1666,Quebec Home Shopping Network,(514) 555-8054,43 rue St. Laurent,NULL,Montreal,Quebec,H1J 1C3,Canada,NA,Fresnisre,Jean,Medium
10424,49,100,3,7969.359863,31/5/05,In Process,2,5,2005,Trucks and Buses,136,S12_1666,Euro Shopping Channel,(91) 555 94 44,"C/ Moralzarzal, 86",NULL,Madrid,NULL,28034,Spain,EMEA,Freyre,Diego,Large
10107,21,100,1,3036.600098,24/2/03,Shipped,1,2,2003,Motorcycles,150,S12_2823,Land of Toys Inc.,2125557818,897 Long Airport Avenue,NULL,NYC,NY,10022,USA,NA,Yu,Kwai,Medium
10121,50,100,4,8284,7/5/2003,Shipped,2,5,2003,Motorcycles,150,S12_2823,Reims Collectables,26.47.1555,59 rue de l'Abbaye,NULL,Reims,NULL,51100,France,EMEA,Henriot,Paul,Large
10134,20,100,1,2711.199951,1/7/2003,Shipped,3,7,2003,Motorcycles,150,S12_2823,Lyon Souveniers,+33 1 46 62 7555,27 rue du Colonel Pierre Avia,NULL,Paris,NULL,75508,France,EMEA,Da Cunha,Daniel,Small
10145,49,100,5,8339.799805,25/8/03,Shipped,3,8,2003,Motorcycles,150,S12_2823,Toys4GrownUps.com,6265557265,78934 Hillside Dr.,NULL,Pasadena,CA,90003,USA,NA,Young,Julie,Large
10159,38,100,13,6238.839844,10/10/2003,Shipped,4,10,2003,Motorcycles,150,S12_2823,Corporate Gift Ideas Co.,6505551386,7734 Strong St.,NULL,San Francisco,CA,NULL,USA,NA,Brown,Julie,Medium
10169,35,100,13,4639.25,4/11/2003,Shipped,4,11,2003,Motorcycles,150,S12_2823,"Anna's Decorations, Ltd",02 9936 8555,201 Miller Street,Level 15,North Sydney,NSW,2060,Australia,APAC,O'Hara,Anna,Medium
10180,40,100,8,6747.600098,11/11/2003,Shipped,4,11,2003,Motorcycles,150,S12_2823,Daedalus Designs Imports,20.16.1555,"184, chausse de Tournai",NULL,Lille,NULL,59000,France,EMEA,Rance,Martine,Medium
10189,28,100,1,4512.47998,18/11/03,Shipped,4,11,2003,Motorcycles,150,S12_2823,Toys4GrownUps.com,6265557265,78934 Hillside Dr.,NULL,Pasadena,CA,90003,USA,NA,Young,Julie,Medium
10201,25,100,1,4029,1/12/2003,Shipped,4,12,2003,Motorcycles,150,S12_2823,Mini Wheels Co.,6505555787,5557 North Pendale Street,NULL,San Francisco,CA,NULL,USA,NA,Murphy,Julie,Medium
10211,36,100,13,4771.799805,15/1/04,Shipped,1,1,2004,Motorcycles,150,S12_2823,Auto Canal Petit,(1) 47.55.6555,"25, rue Lauriston",NULL,Paris,NULL,75016,France,EMEA,Perrier,Dominique,Medium
10224,43,100,6,6087.939941,21/2/04,Shipped,1,2,2004,Motorcycles,150,S12_2823,Daedalus Designs Imports,20.16.1555,"184, chausse de Tournai",NULL,Lille,NULL,59000,France,EMEA,Rance,Martine,Medium
10237,32,100,6,4193.279785,5/4/2004,Shipped,2,4,2004,Motorcycles,150,S12_2823,Vitachrome Inc.,2125551500,2678 Kingston Rd.,Suite 101,NYC,NY,10022,USA,NA,Frick,Michael,Medium
10251,46,100,1,7552.279785,18/5/04,Shipped,2,5,2004,Motorcycles,150,S12_2823,Tekni Collectables Inc.,2015559350,7476 Moss Rd.,NULL,Newark,NJ,94019,USA,NA,Brown,William,Large
10263,48,100,1,6434.399902,28/6/04,Shipped,2,6,2004,Motorcycles,150,S12_2823,Gift Depot Inc.,2035552570,25593 South Bay Ln.,NULL,Bridgewater,CT,97562,USA,NA,King,Julie,Medium
10276,43,100,14,5181.5,2/8/2004,Shipped,3,8,2004,Motorcycles,150,S12_2823,Online Mini Collectables,6175557555,7635 Spinnaker Dr.,NULL,Brickhaven,MA,58339,USA,NA,Barajas,Miguel,Medium
10285,49,100,5,6863.919922,27/8/04,Shipped,3,8,2004,Motorcycles,150,S12_2823,Marta's Replicas Co.,6175558555,39323 Spinnaker Dr.,NULL,Cambridge,MA,51247,USA,NA,Hernandez,Marta,Medium
10299,24,100,8,4157.040039,30/9/04,Shipped,3,9,2004,Motorcycles,150,S12_2823,"Toys of Finland, Co.",90-224 8555,Keskuskatu 45,NULL,Helsinki,NULL,21240,Finland,EMEA,Karttunen,Matti,Medium
10309,26,100,4,4660.240234,15/10/04,Shipped,4,10,2004,Motorcycles,150,S12_2823,Baane Mini Imports,07-98 9555,Erling Skakkes gate 78,NULL,Stavern,NULL,4110,Norway,EMEA,Bergulfsen,Jonas,Medium
10319,30,100,9,4111.799805,3/11/2004,Shipped,4,11,2004,Motorcycles,150,S12_2823,Microscale Inc.,2125551957,5290 North Pendale Street,Suite 200,NYC,NY,10022,USA,NA,Kuo,Kee,Medium
10329,24,100,6,3542.639893,15/11/04,Shipped,4,11,2004,Motorcycles,150,S12_2823,Land of Toys Inc.,2125557818,897 Long Airport Avenue,NULL,NYC,NY,10022,USA,NA,Yu,Kwai,Medium
10341,55,100,8,8118.549805,24/11/04,Shipped,4,11,2004,Motorcycles,150,S12_2823,Salzburg Collectables,6562-9555,Geislweg 14,NULL,Salzburg,NULL,5020,Austria,EMEA,Pipps,Georg,Large
10362,22,100,1,3877.060059,5/1/2005,Shipped,1,1,2005,Motorcycles,150,S12_2823,Technics Stores Inc.,6505556809,9408 Furth Circle,NULL,Burlingame,CA,94217,USA,NA,Hirano,Juri,Medium
10375,49,78.91999817,13,3867.080078,3/2/2005,Shipped,1,2,2005,Motorcycles,150,S12_2823,La Rochelle Gifts,40.67.8555,"67, rue des Cinquante Otages",NULL,Nantes,NULL,44000,France,EMEA,Labrune,Janine,Medium
10388,44,100,6,5951.439941,3/3/2005,Shipped,1,3,2005,Motorcycles,150,S12_2823,FunGiftIdeas.com,5085552555,1785 First Street,NULL,New Bedford,MA,50553,USA,NA,Benitez,Violeta,Medium
10403,66,100,6,8648.639648,8/4/2005,Shipped,2,4,2005,Motorcycles,150,S12_2823,"UK Collectables, Ltd.",(171) 555-2282,Berkeley Gardens 12  Brewery,NULL,Liverpool,NULL,WX1 6LT,UK,EMEA,Devon,Elizabeth,Large
10417,21,100,1,3447.780029,13/5/05,Disputed,2,5,2005,Motorcycles,150,S12_2823,Euro Shopping Channel,(91) 555 94 44,"C/ Moralzarzal, 86",NULL,Madrid,NULL,28034,Spain,EMEA,Freyre,Diego,Medium
10104,34,100,1,5958.5,31/1/03,Shipped,1,1,2003,Classic Cars,151,S12_3148,Euro Shopping Channel,(91) 555 94 44,"C/ Moralzarzal, 86",NULL,Madrid,NULL,28034,Spain,EMEA,Freyre,Diego,Medium
10117,43,100,10,5911.640137,16/4/03,Shipped,2,4,2003,Classic Cars,151,S12_3148,"Dragon Souveniers, Ltd.",+65 221 7555,"Bronz Sok., Bronz Apt. 3/6 Tesvikiye",NULL,Singapore,NULL,79903,Singapore,Japan,Natividad,Eric,Medium
10127,46,100,3,7366.439941,3/6/2003,Shipped,2,6,2003,Classic Cars,151,S12_3148,Muscle Machine Inc,2125557413,4092 Furth Circle,Suite 400,NYC,NY,10022,USA,NA,Young,Jeff,Large
10142,33,100,13,4985.640137,8/8/2003,Shipped,3,8,2003,Classic Cars,151,S12_3148,Mini Gifts Distributors Ltd.,4155551450,5677 Strong St.,NULL,San Rafael,CA,97562,USA,NA,Nelson,Valarie,Medium
10153,42,100,12,5393.640137,28/9/03,Shipped,3,9,2003,Classic Cars,151,S12_3148,Euro Shopping Channel,(91) 555 94 44,"C/ Moralzarzal, 86",NULL,Madrid,NULL,28034,Spain,EMEA,Freyre,Diego,Medium
10165,34,100,4,4880.02002,22/10/03,Shipped,4,10,2003,Classic Cars,151,S12_3148,"Dragon Souveniers, Ltd.",+65 221 7555,"Bronz Sok., Bronz Apt. 3/6 Tesvikiye",NULL,Singapore,NULL,79903,Singapore,Japan,Natividad,Eric,Medium
10176,47,100,3,8378.69043,6/11/2003,Shipped,4,11,2003,Classic Cars,151,S12_3148,L'ordine Souveniers,0522-556555,Strada Provinciale 124,NULL,Reggio Emilia,NULL,42100,Italy,EMEA,Moroni,Maurizio,Large
10185,33,100,14,4038.209961,14/11/03,Shipped,4,11,2003,Classic Cars,151,S12_3148,Mini Creations Ltd.,5085559555,4575 Hillside Dr.,NULL,New Bedford,MA,50553,USA,NA,Tam,Wing C,Medium
10196,24,100,6,3807.120117,26/11/03,Shipped,4,11,2003,Classic Cars,151,S12_3148,Super Scale Inc.,2035559545,567 North Pendale Street,NULL,New Haven,CT,97823,USA,NA,Murphy,Leslie,Medium
10208,26,100,14,3142.360107,2/1/2004,Shipped,1,1,2004,Classic Cars,151,S12_3148,"Saveley & Henriot, Co.",78.32.5555,"2, rue du Commerce",NULL,Lyon,NULL,69004,France,EMEA,Saveley,Mary,Medium
10220,30,100,3,4713.600098,12/2/2004,Shipped,1,2,2004,Classic Cars,151,S12_3148,"Clover Collections, Co.",+353 1862 1555,25 Maiden Lane,Floor No. 4,Dublin,NULL,2,Ireland,EMEA,Cassidy,Dean,Medium
10230,43,100,1,7016.310059,15/3/04,Shipped,1,3,2004,Classic Cars,151,S12_3148,"Blauer See Auto, Co.",+49 69 66 90 2555,Lyonerstr. 34,NULL,Frankfurt,NULL,60528,Germany,EMEA,Keitel,Roland,Large
10247,25,100,3,4381.25,5/5/2004,Shipped,2,5,2004,Classic Cars,151,S12_3148,Suominen Souveniers,+358 9 8045 555,"Software Engineering Center, SEC Oy",NULL,Espoo,NULL,FIN-02271,Finland,EMEA,Suominen,Kalle,Medium
10272,27,100,3,4283.009766,20/7/04,Shipped,3,7,2004,Classic Cars,151,S12_3148,Diecast Classics Inc.,2155551555,7586 Pompton St.,NULL,Allentown,PA,70267,USA,NA,Yu,Kyung,Medium
10282,27,100,6,4364.819824,20/8/04,Shipped,3,8,2004,Classic Cars,151,S12_3148,Mini Gifts Distributors Ltd.,4155551450,5677 Strong St.,NULL,San Rafael,CA,97562,USA,NA,Nelson,Valarie,Medium
10293,24,100,9,4242.240234,9/9/2004,Shipped,3,9,2004,Classic Cars,151,S12_3148,Amica Models & Co.,011-4988555,Via Monte Bianco 34,NULL,Torino,NULL,10100,Italy,EMEA,Accorti,Paolo,Medium
10306,34,100,14,4982.700195,14/10/04,Shipped,4,10,2004,Classic Cars,151,S12_3148,"AV Stores, Co.",(171) 555-1555,Fauntleroy Circus,NULL,Manchester,NULL,EC2 5NT,UK,EMEA,Ashworth,Victoria,Medium
10314,46,100,6,6393.540039,22/10/04,Shipped,4,10,2004,Classic Cars,151,S12_3148,Heintze Collectables,86 21 3555,Smagsloget 45,NULL,Aaarhus,NULL,8200,Denmark,EMEA,Ibsen,Palle,Medium
10324,27,54.33000183,1,1466.910034,5/11/2004,Shipped,4,11,2004,Classic Cars,151,S12_3148,Vitachrome Inc.,2125551500,2678 Kingston Rd.,Suite 101,NYC,NY,10022,USA,NA,Frick,Michael,Small
10336,33,100,11,4059.330078,20/11/04,Shipped,4,11,2004,Classic Cars,151,S12_3148,"La Corne D'abondance, Co.",(1) 42.34.2555,"265, boulevard Charonne",NULL,Paris,NULL,75012,France,EMEA,Bertrand,Marie,Medium
10348,47,100,4,4801.52002,1/11/2004,Shipped,4,11,2004,Classic Cars,151,S12_3148,"Corrida Auto Replicas, Ltd",(91) 555 22 82,"C/ Araquil, 67",NULL,Madrid,NULL,28023,Spain,EMEA,Sommer,Mart n,Medium
10358,49,55.34000015,5,2711.659912,10/12/2004,Shipped,4,12,2004,Classic Cars,151,S12_3148,Euro Shopping Channel,(91) 555 94 44,"C/ Moralzarzal, 86",NULL,Madrid,NULL,28034,Spain,EMEA,Freyre,Diego,Small
10372,40,100,4,5862,26/1/05,Shipped,1,1,2005,Classic Cars,151,S12_3148,"Tokyo Collectables, Ltd",+81 3 3584 0555,2-2-8 Roppongi,NULL,Minato-ku,Tokyo,106-0032,Japan,Japan,Shimamura,Akiko,Medium
10382,37,100,11,4071.850098,17/2/05,Shipped,1,2,2005,Classic Cars,151,S12_3148,Mini Gifts Distributors Ltd.,4155551450,5677 Strong St.,NULL,San Rafael,CA,97562,USA,NA,Nelson,Valarie,Medium
10413,47,100,3,8236.75,5/5/2005,Shipped,2,5,2005,Classic Cars,151,S12_3148,Gift Depot Inc.,2035552570,25593 South Bay Ln.,NULL,Bridgewater,CT,97562,USA,NA,King,Julie,Large
10108,45,100,4,6130.350098,3/3/2003,Shipped,1,3,2003,Classic Cars,117,S12_3380,Cruz & Sons Co.,+63 2 555 3587,15 McCallum Street - NatWest Center #13-03,NULL,Makati City,NULL,1227 MM,Philippines,Japan,Cruz,Arnold,Medium
10122,37,99.81999969,8,3693.340088,8/5/2003,Shipped,2,5,2003,Classic Cars,117,S12_3380,Marseille Mini Autos,91.24.4555,"12, rue des Bouchers",NULL,Marseille,NULL,13008,France,EMEA,Lebihan,Laurence,Medium
10135,48,100,5,6031.680176,2/7/2003,Shipped,3,7,2003,Classic Cars,117,S12_3380,Mini Gifts Distributors Ltd.,4155551450,5677 Strong St.,NULL,San Rafael,CA,97562,USA,NA,Nelson,Valarie,Medium
10147,31,100,5,3494.939941,5/9/2003,Shipped,3,9,2003,Classic Cars,117,S12_3380,Collectables For Less Inc.,6175558555,7825 Douglas Av.,NULL,Brickhaven,MA,58339,USA,NA,Nelson,Allen,Medium
10160,46,100,6,5294.140137,11/10/2003,Shipped,4,10,2003,Classic Cars,117,S12_3380,"Men 'R' US Retailers, Ltd.",2155554369,6047 Douglas Av.,NULL,Los Angeles,CA,NULL,USA,NA,Chandler,Michael,Medium
10170,47,100,4,5464.689941,4/11/2003,Shipped,4,11,2003,Classic Cars,117,S12_3380,Mini Auto Werke,7675-3555,Kirchgasse 6,NULL,Graz,NULL,8010,Austria,EMEA,Mendel,Roland,Medium
10181,28,100,12,2860.76001,12/11/2003,Shipped,4,11,2003,Classic Cars,117,S12_3380,Herkku Gifts,+47 2267 3215,"Drammen 121, PR 744 Sentrum",NULL,Bergen,NULL,N 5804,Norway,EMEA,Oeztan,Veysel,Small
10191,40,100,1,5590,20/11/03,Shipped,4,11,2003,Classic Cars,117,S12_3380,"Toms Spezialitten, Ltd",0221-5554327,Mehrheimerstr. 369,NULL,Koln,NULL,50739,Germany,EMEA,Pfalzheim,Henriette,Medium
10203,20,100,6,2254.800049,2/12/2003,Shipped,4,12,2003,Classic Cars,117,S12_3380,Euro Shopping Channel,(91) 555 94 44,"C/ Moralzarzal, 86",NULL,Madrid,NULL,28034,Spain,EMEA,Freyre,Diego,Small
10212,39,100,16,4946.759766,16/1/04,Shipped,1,1,2004,Classic Cars,117,S12_3380,Euro Shopping Channel,(91) 555 94 44,"C/ Moralzarzal, 86",NULL,Madrid,NULL,28034,Spain,EMEA,Freyre,Diego,Medium
10225,25,99.81999969,7,2495.5,22/2/04,Shipped,1,2,2004,Classic Cars,117,S12_3380,"Vida Sport, Ltd",0897-034555,Grenzacherweg 237,NULL,Gensve,NULL,1203,Switzerland,EMEA,Holz,Michael,Small
10238,29,100,1,3167.379883,9/4/2004,Shipped,2,4,2004,Classic Cars,117,S12_3380,Danish Wholesale Imports,31 12 3555,Vinb'ltet 34,NULL,Kobenhavn,NULL,1734,Denmark,EMEA,Petersen,Jytte,Medium
10253,22,100,11,2402.840088,1/6/2004,Cancelled,2,6,2004,Classic Cars,117,S12_3380,"UK Collectables, Ltd.",(171) 555-2282,Berkeley Gardens 12  Brewery,NULL,Liverpool,NULL,WX1 6LT,UK,EMEA,Devon,Elizabeth,Small
10266,22,100,12,2454.540039,6/7/2004,Shipped,3,7,2004,Classic Cars,117,S12_3380,L'ordine Souveniers,0522-556555,Strada Provinciale 124,NULL,Reggio Emilia,NULL,42100,Italy,EMEA,Moroni,Maurizio,Small
10276,47,100,1,5464.689941,2/8/2004,Shipped,3,8,2004,Classic Cars,117,S12_3380,Online Mini Collectables,6175557555,7635 Spinnaker Dr.,NULL,Brickhaven,MA,58339,USA,NA,Barajas,Miguel,Medium
10287,45,100,10,4756.5,30/8/04,Shipped,3,8,2004,Classic Cars,117,S12_3380,"Vida Sport, Ltd",0897-034555,Grenzacherweg 237,NULL,Gensve,NULL,1203,Switzerland,EMEA,Holz,Michael,Medium
10300,29,100,3,3984.600098,4/10/2003,Shipped,4,10,2003,Classic Cars,117,S12_3380,"Blauer See Auto, Co.",+49 69 66 90 2555,Lyonerstr. 34,NULL,Frankfurt,NULL,60528,Germany,EMEA,Keitel,Roland,Medium
10310,24,100,8,3100.320068,16/10/04,Shipped,4,10,2004,Classic Cars,117,S12_3380,"Toms Spezialitten, Ltd",0221-5554327,Mehrheimerstr. 369,NULL,Koln,NULL,50739,Germany,EMEA,Pfalzheim,Henriette,Medium
10320,35,100,1,4850.299805,3/11/2004,Shipped,4,11,2004,Classic Cars,117,S12_3380,"Volvo Model Replicas, Co",0921-12 3555,Berguvsv gen  8,NULL,Lule,NULL,S-958 22,Sweden,EMEA,Berglund,Christina,Medium
10329,46,83.62999725,13,3846.97998,15/11/04,Shipped,4,11,2004,Classic Cars,117,S12_3380,Land of Toys Inc.,2125557818,897 Long Airport Avenue,NULL,NYC,NY,10022,USA,NA,Yu,Kwai,Medium
10341,44,95.93000031,1,4220.919922,24/11/04,Shipped,4,11,2004,Classic Cars,117,S12_3380,Salzburg Collectables,6562-9555,Geislweg 14,NULL,Salzburg,NULL,5020,Austria,EMEA,Pipps,Georg,Medium
10363,34,96.73000336,4,3288.820068,6/1/2005,Shipped,1,1,2005,Classic Cars,117,S12_3380,Suominen Souveniers,+358 9 8045 555,"Software Engineering Center, SEC Oy",NULL,Espoo,NULL,FIN-02271,Finland,EMEA,Suominen,Kalle,Medium
10376,35,100,1,3987.199951,8/2/2005,Shipped,1,2,2005,Classic Cars,117,S12_3380,Boards & Toys Co.,3105552373,4097 Douglas Av.,NULL,Glendale,CA,92561,USA,NA,Young,Leslie,Medium
10389,25,72.37999725,6,1809.5,3/3/2005,Shipped,1,3,2005,Classic Cars,117,S12_3380,Scandinavian Gift Ideas,0695-34 6555,?kergatan 24,NULL,Boras,NULL,S-844 67,Sweden,EMEA,Larsson,Maria,Small
10419,10,100,11,1092.199951,17/5/05,Shipped,2,5,2005,Classic Cars,117,S12_3380,Salzburg Collectables,6562-9555,Geislweg 14,NULL,Salzburg,NULL,5020,Austria,EMEA,Pipps,Georg,Small
10105,29,100,14,4566.049805,11/2/2003,Shipped,1,2,2003,Classic Cars,173,S12_3891,Danish Wholesale Imports,31 12 3555,Vinb'ltet 34,NULL,Kobenhavn,NULL,1734,Denmark,EMEA,Petersen,Jytte,Medium
10117,39,100,8,5938.140137,16/4/03,Shipped,2,4,2003,Classic Cars,173,S12_3891,"Dragon Souveniers, Ltd.",+65 221 7555,"Bronz Sok., Bronz Apt. 3/6 Tesvikiye",NULL,Singapore,NULL,79903,Singapore,Japan,Natividad,Eric,Medium
10127,42,100,1,8138.759766,3/6/2003,Shipped,2,6,2003,Classic Cars,173,S12_3891,Muscle Machine Inc,2125557413,4092 Furth Circle,Suite 400,NYC,NY,10022,USA,NA,Young,Jeff,Large
10142,46,100,11,9470.94043,8/8/2003,Shipped,3,8,2003,Classic Cars,173,S12_3891,Mini Gifts Distributors Ltd.,4155551450,5677 Strong St.,NULL,San Rafael,CA,97562,USA,NA,Nelson,Valarie,Large
10153,49,100,10,7036.890137,28/9/03,Shipped,3,9,2003,Classic Cars,173,S12_3891,Euro Shopping Channel,(91) 555 94 44,"C/ Moralzarzal, 86",NULL,Madrid,NULL,28034,Spain,EMEA,Freyre,Diego,Large
10165,27,100,2,5559.029785,22/10/03,Shipped,4,10,2003,Classic Cars,173,S12_3891,"Dragon Souveniers, Ltd.",+65 221 7555,"Bronz Sok., Bronz Apt. 3/6 Tesvikiye",NULL,Singapore,NULL,79903,Singapore,Japan,Natividad,Eric,Medium
10176,50,100,1,7872.5,6/11/2003,Shipped,4,11,2003,Classic Cars,173,S12_3891,L'ordine Souveniers,0522-556555,Strada Provinciale 124,NULL,Reggio Emilia,NULL,42100,Italy,EMEA,Moroni,Maurizio,Large
10185,43,100,12,7886.200195,14/11/03,Shipped,4,11,2003,Classic Cars,173,S12_3891,Mini Creations Ltd.,5085559555,4575 Hillside Dr.,NULL,New Bedford,MA,50553,USA,NA,Tam,Wing C,Large
10196,38,100,4,7232.160156,26/11/03,Shipped,4,11,2003,Classic Cars,173,S12_3891,Super Scale Inc.,2035559545,567 North Pendale Street,NULL,New Haven,CT,97823,USA,NA,Murphy,Leslie,Large
10208,20,100,12,3114.399902,2/1/2004,Shipped,1,1,2004,Classic Cars,173,S12_3891,"Saveley & Henriot, Co.",78.32.5555,"2, rue du Commerce",NULL,Lyon,NULL,69004,France,EMEA,Saveley,Mary,Medium
10220,27,100,1,5045.220215,12/2/2004,Shipped,1,2,2004,Classic Cars,173,S12_3891,"Clover Collections, Co.",+353 1862 1555,25 Maiden Lane,Floor No. 4,Dublin,NULL,2,Ireland,EMEA,Cassidy,Dean,Medium
10231,49,100,1,6952.120117,19/3/04,Shipped,1,3,2004,Classic Cars,173,S12_3891,CAF Imports,+34 913 728 555,"Merchants House, 27-30 Merchant's Quay",NULL,Madrid,NULL,28023,Spain,EMEA,Fernandez,Jesus,Medium
10247,27,100,1,4157.72998,5/5/2004,Shipped,2,5,2004,Classic Cars,173,S12_3891,Suominen Souveniers,+358 9 8045 555,"Software Engineering Center, SEC Oy",NULL,Espoo,NULL,FIN-02271,Finland,EMEA,Suominen,Kalle,Medium
10272,39,100,1,7962.240234,20/7/04,Shipped,3,7,2004,Classic Cars,173,S12_3891,Diecast Classics Inc.,2155551555,7586 Pompton St.,NULL,Allentown,PA,70267,USA,NA,Yu,Kyung,Large
10282,24,100,4,3778.800049,20/8/04,Shipped,3,8,2004,Classic Cars,173,S12_3891,Mini Gifts Distributors Ltd.,4155551450,5677 Strong St.,NULL,San Rafael,CA,97562,USA,NA,Nelson,Valarie,Medium
10293,45,100,7,8253,9/9/2004,Shipped,3,9,2004,Classic Cars,173,S12_3891,Amica Models & Co.,011-4988555,Via Monte Bianco 34,NULL,Torino,NULL,10100,Italy,EMEA,Accorti,Paolo,Large
10306,20,100,12,3633.399902,14/10/04,Shipped,4,10,2004,Classic Cars,173,S12_3891,"AV Stores, Co.",(171) 555-1555,Fauntleroy Circus,NULL,Manchester,NULL,EC2 5NT,UK,EMEA,Ashworth,Victoria,Medium
10314,36,100,4,6913.799805,22/10/04,Shipped,4,10,2004,Classic Cars,173,S12_3891,Heintze Collectables,86 21 3555,Smagsloget 45,NULL,Aaarhus,NULL,8200,Denmark,EMEA,Ibsen,Palle,Medium
10325,24,100,1,2583.600098,5/11/2004,Shipped,4,11,2004,Classic Cars,173,S12_3891,Baane Mini Imports,07-98 9555,Erling Skakkes gate 78,NULL,Stavern,NULL,4110,Norway,EMEA,Bergulfsen,Jonas,Small
10336,49,63.38000107,1,3105.620117,20/11/04,Shipped,4,11,2004,Classic Cars,173,S12_3891,"La Corne D'abondance, Co.",(1) 42.34.2555,"265, boulevard Charonne",NULL,Paris,NULL,75012,France,EMEA,Bertrand,Marie,Medium
10349,26,100,10,4408.560059,1/12/2004,Shipped,4,12,2004,Classic Cars,173,S12_3891,Muscle Machine Inc,2125557413,4092 Furth Circle,Suite 400,NYC,NY,10022,USA,NA,Young,Jeff,Medium
10359,49,62.09000015,5,3042.409912,15/12/04,Shipped,4,12,2004,Classic Cars,173,S12_3891,Reims Collectables,26.47.1555,59 rue de l'Abbaye,NULL,Reims,NULL,51100,France,EMEA,Henriot,Paul,Medium
10372,34,100,1,5941.5,26/1/05,Shipped,1,1,2005,Classic Cars,173,S12_3891,"Tokyo Collectables, Ltd",+81 3 3584 0555,2-2-8 Roppongi,NULL,Minato-ku,Tokyo,106-0032,Japan,Japan,Shimamura,Akiko,Medium
10382,34,95.34999847,12,3241.899902,17/2/05,Shipped,1,2,2005,Classic Cars,173,S12_3891,Mini Gifts Distributors Ltd.,4155551450,5677 Strong St.,NULL,San Rafael,CA,97562,USA,NA,Nelson,Valarie,Medium
10396,33,100,3,6109.290039,23/3/05,Shipped,1,3,2005,Classic Cars,173,S12_3891,Mini Gifts Distributors Ltd.,4155551450,5677 Strong St.,NULL,San Rafael,CA,97562,USA,NA,Nelson,Valarie,Medium
10413,22,100,1,3387.780029,5/5/2005,Shipped,2,5,2005,Classic Cars,173,S12_3891,Gift Depot Inc.,2035552570,25593 South Bay Ln.,NULL,Bridgewater,CT,97562,USA,NA,King,Julie,Medium
10108,39,89.37999725,7,3485.820068,3/3/2003,Shipped,1,3,2003,Classic Cars,79,S12_3990,Cruz & Sons Co.,+63 2 555 3587,15 McCallum Street - NatWest Center #13-03,NULL,Makati City,NULL,1227 MM,Philippines,Japan,Cruz,Arnold,Medium
10122,32,63.84000015,11,2042.880005,8/5/2003,Shipped,2,5,2003,Classic Cars,79,S12_3990,Marseille Mini Autos,91.24.4555,"12, rue des Bouchers",NULL,Marseille,NULL,13008,France,EMEA,Lebihan,Laurence,Small
10135,24,75.01000214,8,1800.23999,2/7/2003,Shipped,3,7,2003,Classic Cars,79,S12_3990,Mini Gifts Distributors Ltd.,4155551450,5677 Strong St.,NULL,San Rafael,CA,97562,USA,NA,Nelson,Valarie,Small
10147,21,63.84000015,8,1340.640015,5/9/2003,Shipped,3,9,2003,Classic Cars,79,S12_3990,Collectables For Less Inc.,6175558555,7825 Douglas Av.,NULL,Brickhaven,MA,58339,USA,NA,Nelson,Allen,Small
10159,24,73.41999817,3,1762.079956,10/10/2003,Shipped,4,10,2003,Classic Cars,79,S12_3990,Corporate Gift Ideas Co.,6505551386,7734 Strong St.,NULL,San Francisco,CA,NULL,USA,NA,Brown,Julie,Small
10169,36,63.84000015,3,2298.23999,4/11/2003,Shipped,4,11,2003,Classic Cars,79,S12_3990,"Anna's Decorations, Ltd",02 9936 8555,201 Miller Street,Level 15,North Sydney,NSW,2060,Australia,APAC,O'Hara,Anna,Small
10181,20,81.40000153,15,1628,12/11/2003,Shipped,4,11,2003,Classic Cars,79,S12_3990,Herkku Gifts,+47 2267 3215,"Drammen 121, PR 744 Sentrum",NULL,Bergen,NULL,N 5804,Norway,EMEA,Oeztan,Veysel,Small
10191,30,64.63999939,4,1939.199951,20/11/03,Shipped,4,11,2003,Classic Cars,79,S12_3990,"Toms Spezialitten, Ltd",0221-5554327,Mehrheimerstr. 369,NULL,Koln,NULL,50739,Germany,EMEA,Pfalzheim,Henriette,Small
10203,44,82.98999786,9,3651.560059,2/12/2003,Shipped,4,12,2003,Classic Cars,79,S12_3990,Euro Shopping Channel,(91) 555 94 44,"C/ Moralzarzal, 86",NULL,Madrid,NULL,28034,Spain,EMEA,Freyre,Diego,Medium
10211,28,92.56999969,3,2591.959961,15/1/04,Shipped,1,1,2004,Classic Cars,79,S12_3990,Auto Canal Petit,(1) 47.55.6555,"25, rue Lauriston",NULL,Paris,NULL,75016,France,EMEA,Perrier,Dominique,Small
10225,37,77.41000366,10,2864.169922,22/2/04,Shipped,1,2,2004,Classic Cars,79,S12_3990,"Vida Sport, Ltd",0897-034555,Grenzacherweg 237,NULL,Gensve,NULL,1203,Switzerland,EMEA,Holz,Michael,Small
10238,20,74.20999908,4,1484.199951,9/4/2004,Shipped,2,4,2004,Classic Cars,79,S12_3990,Danish Wholesale Imports,31 12 3555,Vinb'ltet 34,NULL,Kobenhavn,NULL,1734,Denmark,EMEA,Petersen,Jytte,Small
10253,25,90.16999817,14,2254.25,1/6/2004,Cancelled,2,6,2004,Classic Cars,79,S12_3990,"UK Collectables, Ltd.",(171) 555-2282,Berkeley Gardens 12  Brewery,NULL,Liverpool,NULL,WX1 6LT,UK,EMEA,Devon,Elizabeth,Small
10266,35,76.61000061,15,2681.350098,6/7/2004,Shipped,3,7,2004,Classic Cars,79,S12_3990,L'ordine Souveniers,0522-556555,Strada Provinciale 124,NULL,Reggio Emilia,NULL,42100,Italy,EMEA,Moroni,Maurizio,Small
10276,38,83.79000092,4,3184.02002,2/8/2004,Shipped,3,8,2004,Classic Cars,79,S12_3990,Online Mini Collectables,6175557555,7635 Spinnaker Dr.,NULL,Brickhaven,MA,58339,USA,NA,Barajas,Miguel,Medium
10287,41,69.43000031,13,2846.629883,30/8/04,Shipped,3,8,2004,Classic Cars,79,S12_3990,"Vida Sport, Ltd",0897-034555,Grenzacherweg 237,NULL,Gensve,NULL,1203,Switzerland,EMEA,Holz,Michael,Small
10300,22,76.61000061,6,1685.420044,4/10/2003,Shipped,4,10,2003,Classic Cars,79,S12_3990,"Blauer See Auto, Co.",+49 69 66 90 2555,Lyonerstr. 34,NULL,Frankfurt,NULL,60528,Germany,EMEA,Keitel,Roland,Small
10310,49,81.40000153,11,3988.600098,16/10/04,Shipped,4,10,2004,Classic Cars,79,S12_3990,"Toms Spezialitten, Ltd",0221-5554327,Mehrheimerstr. 369,NULL,Koln,NULL,50739,Germany,EMEA,Pfalzheim,Henriette,Medium
10320,38,73.41999817,4,2789.959961,3/11/2004,Shipped,4,11,2004,Classic Cars,79,S12_3990,"Volvo Model Replicas, Co",0921-12 3555,Berguvsv gen  8,NULL,Lule,NULL,S-958 22,Sweden,EMEA,Berglund,Christina,Small
10329,33,100,14,3607.560059,15/11/04,Shipped,4,11,2004,Classic Cars,79,S12_3990,Land of Toys Inc.,2125557818,897 Long Airport Avenue,NULL,NYC,NY,10022,USA,NA,Yu,Kwai,Medium
10341,36,93.55999756,10,3368.159912,24/11/04,Shipped,4,11,2004,Classic Cars,79,S12_3990,Salzburg Collectables,6562-9555,Geislweg 14,NULL,Salzburg,NULL,5020,Austria,EMEA,Pipps,Georg,Medium
10363,34,81.62000275,5,2775.080078,6/1/2005,Shipped,1,1,2005,Classic Cars,79,S12_3990,Suominen Souveniers,+358 9 8045 555,"Software Engineering Center, SEC Oy",NULL,Espoo,NULL,FIN-02271,Finland,EMEA,Suominen,Kalle,Small
10377,24,67.83000183,5,1627.920044,9/2/2005,Shipped,1,2,2005,Classic Cars,79,S12_3990,"Toys of Finland, Co.",90-224 8555,Keskuskatu 45,NULL,Helsinki,NULL,21240,Finland,EMEA,Karttunen,Matti,Small
10389,36,70.26000214,7,2529.360107,3/3/2005,Shipped,1,3,2005,Classic Cars,79,S12_3990,Scandinavian Gift Ideas,0695-34 6555,?kergatan 24,NULL,Boras,NULL,S-844 67,Sweden,EMEA,Larsson,Maria,Small
10419,34,90.16999817,14,3065.780029,17/5/05,Shipped,2,5,2005,Classic Cars,79,S12_3990,Salzburg Collectables,6562-9555,Geislweg 14,NULL,Salzburg,NULL,5020,Austria,EMEA,Pipps,Georg,Medium
10104,41,100,9,4615.779785,31/1/03,Shipped,1,1,2003,Trucks and Buses,118,S12_4473,Euro Shopping Channel,(91) 555 94 44,"C/ Moralzarzal, 86",NULL,Madrid,NULL,28034,Spain,EMEA,Freyre,Diego,Medium
10115,46,100,5,5723.779785,4/4/2003,Shipped,2,4,2003,Trucks and Buses,118,S12_4473,Classic Legends Inc.,2125558493,5905 Pompton St.,Suite 750,NYC,NY,10022,USA,NA,Hernandez,Maria,Medium
10127,24,100,11,2559.600098,3/6/2003,Shipped,2,6,2003,Trucks and Buses,118,S12_4473,Muscle Machine Inc,2125557413,4092 Furth Circle,Suite 400,NYC,NY,10022,USA,NA,Young,Jeff,Small
10141,21,100,5,2140.110107,1/8/2003,Shipped,3,8,2003,Trucks and Buses,118,S12_4473,Suominen Souveniers,+358 9 8045 555,"Software Engineering Center, SEC Oy",NULL,Espoo,NULL,FIN-02271,Finland,EMEA,Suominen,Kalle,Small
10151,24,100,3,3327.600098,21/9/03,Shipped,3,9,2003,Trucks and Buses,118,S12_4473,"Oulu Toy Supplies, Inc.",981-443655,Torikatu 38,NULL,Oulu,NULL,90110,Finland,EMEA,Koskitalo,Pirkko,Medium
10165,48,100,12,6825.600098,22/10/03,Shipped,4,10,2003,Trucks and Buses,118,S12_4473,"Dragon Souveniers, Ltd.",+65 221 7555,"Bronz Sok., Bronz Apt. 3/6 Tesvikiye",NULL,Singapore,NULL,79903,Singapore,Japan,Natividad,Eric,Medium
10175,26,100,1,3543.280029,6/11/2003,Shipped,4,11,2003,Trucks and Buses,118,S12_4473,"Stylish Desk Decors, Co.",(171) 555-0297,35 King George,NULL,London,NULL,WX3 6FW,UK,EMEA,Brown,Ann,Medium
10184,37,100,6,4516.220215,14/11/03,Shipped,4,11,2003,Trucks and Buses,118,S12_4473,"Iberia Gift Imports, Corp.",(95) 555 82 82,"C/ Romero, 33",NULL,Sevilla,NULL,41101,Spain,EMEA,Roel,Jose Pedro,Medium
10195,49,100,6,6445.459961,25/11/03,Shipped,4,11,2003,Trucks and Buses,118,S12_4473,Mini Classics,9145554562,3758 North Pendale Street,NULL,White Plains,NY,24067,USA,NA,Frick,Steve,Medium
10207,34,99.54000092,7,3384.360107,9/12/2003,Shipped,4,12,2003,Trucks and Buses,118,S12_4473,Diecast Collectables,6175552555,6251 Ingle Ln.,NULL,Boston,MA,51003,USA,NA,Franco,Valarie,Medium
10219,48,100,2,4891.680176,10/2/2004,Shipped,1,2,2004,Trucks and Buses,118,S12_4473,Signal Collectibles Ltd.,4155554312,2793 Furth Circle,NULL,Brisbane,CA,94217,USA,NA,Taylor,Sue,Medium
10229,36,100,1,4521.959961,11/3/2004,Shipped,1,3,2004,Trucks and Buses,118,S12_4473,Mini Gifts Distributors Ltd.,4155551450,5677 Strong St.,NULL,San Rafael,CA,97562,USA,NA,Nelson,Valarie,Medium
10246,46,100,5,5069.660156,5/5/2004,Shipped,2,5,2004,Trucks and Buses,118,S12_4473,Euro Shopping Channel,(91) 555 94 44,"C/ Moralzarzal, 86",NULL,Madrid,NULL,28034,Spain,EMEA,Freyre,Diego,Medium
10259,46,100,4,6541.200195,15/6/04,Shipped,2,6,2004,Trucks and Buses,118,S12_4473,Handji Gifts& Co,+65 224 1555,Village Close - 106 Linden Road Sandown,2nd Floor,Singapore,NULL,69045,Singapore,APAC,Victorino,Wendy,Medium
10271,31,97.16999817,5,3012.27002,20/7/04,Shipped,3,7,2004,Trucks and Buses,118,S12_4473,Mini Gifts Distributors Ltd.,4155551450,5677 Strong St.,NULL,San Rafael,CA,97562,USA,NA,Nelson,Valarie,Medium
10281,41,100,1,5247.180176,19/8/04,Shipped,3,8,2004,Trucks and Buses,118,S12_4473,Diecast Classics Inc.,2155551555,7586 Pompton St.,NULL,Allentown,PA,70267,USA,NA,Yu,Kyung,Medium
10292,21,100,8,2214.870117,8/9/2004,Shipped,3,9,2004,Trucks and Buses,118,S12_4473,Land of Toys Inc.,2125557818,897 Long Airport Avenue,NULL,NYC,NY,10022,USA,NA,Yu,Kwai,Small
10305,38,100,5,4773.180176,13/10/04,Shipped,4,10,2004,Trucks and Buses,118,S12_4473,Marta's Replicas Co.,6175558555,39323 Spinnaker Dr.,NULL,Cambridge,MA,51247,USA,NA,Hernandez,Marta,Medium
10314,45,100,14,6185.700195,22/10/04,Shipped,4,10,2004,Trucks and Buses,118,S12_4473,Heintze Collectables,86 21 3555,Smagsloget 45,NULL,Aaarhus,NULL,8200,Denmark,EMEA,Ibsen,Palle,Medium
10324,26,58.38000107,7,1517.880005,5/11/2004,Shipped,4,11,2004,Trucks and Buses,118,S12_4473,Vitachrome Inc.,2125551500,2678 Kingston Rd.,Suite 101,NYC,NY,10022,USA,NA,Frick,Michael,Small
10336,38,100,3,6372.600098,20/11/04,Shipped,4,11,2004,Trucks and Buses,118,S12_4473,"La Corne D'abondance, Co.",(1) 42.34.2555,"265, boulevard Charonne",NULL,Paris,NULL,75012,France,EMEA,Bertrand,Marie,Medium
10349,48,100,9,5232.959961,1/12/2004,Shipped,4,12,2004,Trucks and Buses,118,S12_4473,Muscle Machine Inc,2125557413,4092 Furth Circle,Suite 400,NYC,NY,10022,USA,NA,Young,Jeff,Medium
10358,42,64.16000366,9,2694.719971,10/12/2004,Shipped,4,12,2004,Trucks and Buses,118,S12_4473,Euro Shopping Channel,(91) 555 94 44,"C/ Moralzarzal, 86",NULL,Madrid,NULL,28034,Spain,EMEA,Freyre,Diego,Small
10371,49,35.70999908,4,1749.790039,23/1/05,Shipped,1,1,2005,Trucks and Buses,118,S12_4473,Mini Gifts Distributors Ltd.,4155551450,5677 Strong St.,NULL,San Rafael,CA,97562,USA,NA,Nelson,Valarie,Small
10382,32,66.58000183,13,2130.560059,17/2/05,Shipped,1,2,2005,Trucks and Buses,118,S12_4473,Mini Gifts Distributors Ltd.,4155551450,5677 Strong St.,NULL,San Rafael,CA,97562,USA,NA,Nelson,Valarie,Small
10412,54,100,5,5951.339844,3/5/2005,Shipped,2,5,2005,Trucks and Buses,118,S12_4473,Euro Shopping Channel,(91) 555 94 44,"C/ Moralzarzal, 86",NULL,Madrid,NULL,28034,Spain,EMEA,Freyre,Diego,Medium
10425,33,100,4,4692.600098,31/5/05,In Process,2,5,2005,Trucks and Buses,118,S12_4473,La Rochelle Gifts,40.67.8555,"67, rue des Cinquante Otages",NULL,Nantes,NULL,44000,France,EMEA,Labrune,Janine,Medium
10108,36,100,3,3731.040039,3/3/2003,Shipped,1,3,2003,Classic Cars,115,S12_4675,Cruz & Sons Co.,+63 2 555 3587,15 McCallum Street - NatWest Center #13-03,NULL,Makati City,NULL,1227 MM,Philippines,Japan,Cruz,Arnold,Medium
10122,20,100,7,2142,8/5/2003,Shipped,2,5,2003,Classic Cars,115,S12_4675,Marseille Mini Autos,91.24.4555,"12, rue des Bouchers",NULL,Marseille,NULL,13008,France,EMEA,Lebihan,Laurence,Small
10135,29,97.88999939,4,2838.810059,2/7/2003,Shipped,3,7,2003,Classic Cars,115,S12_4675,Mini Gifts Distributors Ltd.,4155551450,5677 Strong St.,NULL,San Rafael,CA,97562,USA,NA,Nelson,Valarie,Small
10147,33,97.88999939,4,3230.370117,5/9/2003,Shipped,3,9,2003,Classic Cars,115,S12_4675,Collectables For Less Inc.,6175558555,7825 Douglas Av.,NULL,Brickhaven,MA,58339,USA,NA,Nelson,Allen,Medium
10160,50,100,5,5182,11/10/2003,Shipped,4,10,2003,Classic Cars,115,S12_4675,"Men 'R' US Retailers, Ltd.",2155554369,6047 Douglas Av.,NULL,Los Angeles,CA,NULL,USA,NA,Chandler,Michael,Medium
10170,41,100,3,4391.100098,4/11/2003,Shipped,4,11,2003,Classic Cars,115,S12_4675,Mini Auto Werke,7675-3555,Kirchgasse 6,NULL,Graz,NULL,8010,Austria,EMEA,Mendel,Roland,Medium
10181,36,100,11,4477.319824,12/11/2003,Shipped,4,11,2003,Classic Cars,115,S12_4675,Herkku Gifts,+47 2267 3215,"Drammen 121, PR 744 Sentrum",NULL,Bergen,NULL,N 5804,Norway,EMEA,Oeztan,Veysel,Medium
10192,27,100,16,3544.560059,20/11/03,Shipped,4,11,2003,Classic Cars,115,S12_4675,Online Diecast Creations Co.,6035558647,2304 Long Airport Avenue,NULL,Nashua,NH,62005,USA,NA,Young,Valarie,Medium
10203,47,100,5,5195.850098,2/12/2003,Shipped,4,12,2003,Classic Cars,115,S12_4675,Euro Shopping Channel,(91) 555 94 44,"C/ Moralzarzal, 86",NULL,Madrid,NULL,28034,Spain,EMEA,Freyre,Diego,Medium
10212,33,100,15,4180.439941,16/1/04,Shipped,1,1,2004,Classic Cars,115,S12_4675,Euro Shopping Channel,(91) 555 94 44,"C/ Moralzarzal, 86",NULL,Madrid,NULL,28034,Spain,EMEA,Freyre,Diego,Medium
10225,21,100,6,2684.429932,22/2/04,Shipped,1,2,2004,Classic Cars,115,S12_4675,"Vida Sport, Ltd",0897-034555,Grenzacherweg 237,NULL,Gensve,NULL,1203,Switzerland,EMEA,Holz,Michael,Small
10239,21,93.27999878,5,1958.880005,12/4/2004,Shipped,2,4,2004,Classic Cars,115,S12_4675,"Oulu Toy Supplies, Inc.",981-443655,Torikatu 38,NULL,Oulu,NULL,90110,Finland,EMEA,Koskitalo,Pirkko,Small
10253,41,100,10,4910.569824,1/6/2004,Cancelled,2,6,2004,Classic Cars,115,S12_4675,"UK Collectables, Ltd.",(171) 555-2282,Berkeley Gardens 12  Brewery,NULL,Liverpool,NULL,WX1 6LT,UK,EMEA,Devon,Elizabeth,Medium
10266,40,100,11,4468.399902,6/7/2004,Shipped,3,7,2004,Classic Cars,115,S12_4675,L'ordine Souveniers,0522-556555,Strada Provinciale 124,NULL,Reggio Emilia,NULL,42100,Italy,EMEA,Moroni,Maurizio,Medium
10277,28,100,1,3127.879883,4/8/2004,Shipped,3,8,2004,Classic Cars,115,S12_4675,"Dragon Souveniers, Ltd.",+65 221 7555,"Bronz Sok., Bronz Apt. 3/6 Tesvikiye",NULL,Singapore,NULL,79903,Singapore,Japan,Natividad,Eric,Medium
10287,23,100,9,2675.129883,30/8/04,Shipped,3,8,2004,Classic Cars,115,S12_4675,"Vida Sport, Ltd",0897-034555,Grenzacherweg 237,NULL,Gensve,NULL,1203,Switzerland,EMEA,Holz,Michael,Small
10300,23,100,2,2807.610107,4/10/2003,Shipped,4,10,2003,Classic Cars,115,S12_4675,"Blauer See Auto, Co.",+49 69 66 90 2555,Lyonerstr. 34,NULL,Frankfurt,NULL,60528,Germany,EMEA,Keitel,Roland,Small
10310,25,100,7,2504.75,16/10/04,Shipped,4,10,2004,Classic Cars,115,S12_4675,"Toms Spezialitten, Ltd",0221-5554327,Mehrheimerstr. 369,NULL,Koln,NULL,50739,Germany,EMEA,Pfalzheim,Henriette,Small
10321,24,100,15,2984.879883,4/11/2004,Shipped,4,11,2004,Classic Cars,115,S12_4675,FunGiftIdeas.com,5085552555,1785 First Street,NULL,New Bedford,MA,50553,USA,NA,Benitez,Violeta,Small
10329,39,64.73999786,15,2524.860107,15/11/04,Shipped,4,11,2004,Classic Cars,115,S12_4675,Land of Toys Inc.,2125557818,897 Long Airport Avenue,NULL,NYC,NY,10022,USA,NA,Yu,Kwai,Small
10341,55,75.19999695,7,4136,24/11/04,Shipped,4,11,2004,Classic Cars,115,S12_4675,Salzburg Collectables,6562-9555,Geislweg 14,NULL,Salzburg,NULL,5020,Austria,EMEA,Pipps,Georg,Medium
10363,46,88.44999695,6,4068.699951,6/1/2005,Shipped,1,1,2005,Classic Cars,115,S12_4675,Suominen Souveniers,+358 9 8045 555,"Software Engineering Center, SEC Oy",NULL,Espoo,NULL,FIN-02271,Finland,EMEA,Suominen,Kalle,Medium
10377,50,100,1,5182,9/2/2005,Shipped,1,2,2005,Classic Cars,115,S12_4675,"Toys of Finland, Co.",90-224 8555,Keskuskatu 45,NULL,Helsinki,NULL,21240,Finland,EMEA,Karttunen,Matti,Medium
10389,47,100,8,5243.790039,3/3/2005,Shipped,1,3,2005,Classic Cars,115,S12_4675,Scandinavian Gift Ideas,0695-34 6555,?kergatan 24,NULL,Boras,NULL,S-844 67,Sweden,EMEA,Larsson,Maria,Medium
10405,97,93.27999878,5,9048.160156,14/4/05,Shipped,2,4,2005,Classic Cars,115,S12_4675,Mini Caravy,88.60.1555,"24, place Kluber",NULL,Strasbourg,NULL,67000,France,EMEA,Citeaux,Frederique,Large
10419,32,100,10,3832.639893,17/5/05,Shipped,2,5,2005,Classic Cars,115,S12_4675,Salzburg Collectables,6562-9555,Geislweg 14,NULL,Salzburg,NULL,5020,Austria,EMEA,Pipps,Georg,Medium
10103,35,100,10,3920,29/1/03,Shipped,1,1,2003,Trucks and Buses,116,S18_1097,Baane Mini Imports,07-98 9555,Erling Skakkes gate 78,NULL,Stavern,NULL,4110,Norway,EMEA,Bergulfsen,Jonas,Medium
10113,49,100,4,4916.660156,26/3/03,Shipped,1,3,2003,Trucks and Buses,116,S18_1097,Mini Gifts Distributors Ltd.,4155551450,5677 Strong St.,NULL,San Rafael,CA,97562,USA,NA,Nelson,Valarie,Medium
10126,38,100,10,3857,28/5/03,Shipped,2,5,2003,Trucks and Buses,116,S18_1097,"Corrida Auto Replicas, Ltd",(91) 555 22 82,"C/ Araquil, 67",NULL,Madrid,NULL,28023,Spain,EMEA,Sommer,Mart n,Medium
10140,32,100,10,4181.439941,24/7/03,Shipped,3,7,2003,Trucks and Buses,116,S18_1097,Technics Stores Inc.,6505556809,9408 Furth Circle,NULL,Burlingame,CA,94217,USA,NA,Hirano,Juri,Medium
10150,34,100,7,4641,19/9/03,Shipped,3,9,2003,Trucks and Buses,116,S18_1097,"Dragon Souveniers, Ltd.",+65 221 7555,"Bronz Sok., Bronz Apt. 3/6 Tesvikiye",NULL,Singapore,NULL,79903,Singapore,Japan,Natividad,Eric,Medium
10164,36,99.16999817,8,3570.120117,21/10/03,Resolved,4,10,2003,Trucks and Buses,116,S18_1097,Mini Auto Werke,7675-3555,Kirchgasse 6,NULL,Graz,NULL,8010,Austria,EMEA,Mendel,Roland,Medium
10174,48,93.33999634,3,4480.319824,6/11/2003,Shipped,4,11,2003,Trucks and Buses,116,S18_1097,"Australian Gift Network, Co",61-7-3844-6555,31 Duncan St. West End,NULL,South Brisbane,Queensland,4101,Australia,APAC,Calaghan,Tony,Medium
10183,21,96.83999634,7,2033.640015,13/11/03,Shipped,4,11,2003,Trucks and Buses,116,S18_1097,"Classic Gift Ideas, Inc",2155554695,782 First Street,NULL,Philadelphia,PA,71270,USA,NA,Cervantes,Francisca,Small
10194,21,93.33999634,10,1960.140015,25/11/03,Shipped,4,11,2003,Trucks and Buses,116,S18_1097,"Saveley & Henriot, Co.",78.32.5555,"2, rue du Commerce",NULL,Lyon,NULL,69004,France,EMEA,Saveley,Mary,Small
10206,34,100,5,3966.780029,5/12/2003,Shipped,4,12,2003,Trucks and Buses,116,S18_1097,Canadian Gift Exchange Network,(604) 555-3392,1900 Oak St.,NULL,Vancouver,BC,V3F 2K1,Canada,NA,Tannamuri,Yoshi,Medium
10215,46,100,2,5152,29/1/04,Shipped,1,1,2004,Trucks and Buses,116,S18_1097,West Coast Collectables Co.,3105553722,3675 Furth Circle,NULL,Burbank,CA,94019,USA,NA,Thompson,Steve,Medium
10228,32,100,1,3360,10/3/2004,Shipped,1,3,2004,Trucks and Buses,116,S18_1097,Cambridge Collectables Co.,6175555555,4658 Baden Av.,NULL,Cambridge,MA,51247,USA,NA,Tseng,Kyung,Medium
10245,29,100,8,3451,4/5/2004,Shipped,2,5,2004,Trucks and Buses,116,S18_1097,Super Scale Inc.,2035559545,567 North Pendale Street,NULL,New Haven,CT,97823,USA,NA,Murphy,Leslie,Medium
10258,41,100,5,5453,15/6/04,Shipped,2,6,2004,Trucks and Buses,116,S18_1097,"Tokyo Collectables, Ltd",+81 3 3584 0555,2-2-8 Roppongi,NULL,Minato-ku,Tokyo,106-0032,Japan,Japan,Shimamura,Akiko,Medium
10270,43,96.83999634,8,4164.120117,19/7/04,Shipped,3,7,2004,Trucks and Buses,116,S18_1097,Souveniers And Things Co.,+61 2 9495 8555,"Monitor Money Building, 815 Pacific Hwy",Level 6,Chatswood,NSW,2067,Australia,APAC,Huxley,Adrian,Medium
10280,24,100,1,2800.080078,17/8/04,Shipped,3,8,2004,Trucks and Buses,116,S18_1097,Amica Models & Co.,011-4988555,Via Monte Bianco 34,NULL,Torino,NULL,10100,Italy,EMEA,Accorti,Paolo,Small
10291,41,100,10,4687.939941,8/9/2004,Shipped,3,9,2004,Trucks and Buses,116,S18_1097,Scandinavian Gift Ideas,0695-34 6555,?kergatan 24,NULL,Boras,NULL,S-844 67,Sweden,EMEA,Larsson,Maria,Medium
10304,46,98,5,4508,11/10/2004,Shipped,4,10,2004,Trucks and Buses,116,S18_1097,Auto Assoc. & Cie.,30.59.8555,"67, avenue de l'Europe",NULL,Versailles,NULL,78000,France,EMEA,Tonini,Daniel,Medium
10312,32,100,2,4181.439941,21/10/04,Shipped,4,10,2004,Trucks and Buses,116,S18_1097,Mini Gifts Distributors Ltd.,4155551450,5677 Strong St.,NULL,San Rafael,CA,97562,USA,NA,Nelson,Valarie,Medium
10322,22,100,10,2251.040039,4/11/2004,Shipped,4,11,2004,Trucks and Buses,116,S18_1097,Online Diecast Creations Co.,6035558647,2304 Long Airport Avenue,NULL,Nashua,NH,62005,USA,NA,Young,Valarie,Small
10333,29,40.25,7,1167.25,18/11/04,Shipped,4,11,2004,Trucks and Buses,116,S18_1097,Mini Wheels Co.,6505555787,5557 North Pendale Street,NULL,San Francisco,CA,NULL,USA,NA,Murphy,Julie,Small
10347,42,49.59999847,5,2083.199951,29/11/04,Shipped,4,11,2004,Trucks and Buses,116,S18_1097,"Australian Collectors, Co.",03 9520 4555,636 St Kilda Road,Level 3,Melbourne,Victoria,3004,Australia,APAC,Ferguson,Peter,Small
10357,39,98,1,3822,10/12/2004,Shipped,4,12,2004,Trucks and Buses,116,S18_1097,Mini Gifts Distributors Ltd.,4155551450,5677 Strong St.,NULL,San Rafael,CA,97562,USA,NA,Nelson,Valarie,Medium
10370,27,100,1,3911.48999,20/1/05,Shipped,1,1,2005,Trucks and Buses,116,S18_1097,"Anna's Decorations, Ltd",02 9936 8555,201 Miller Street,Level 15,North Sydney,NSW,2060,Australia,APAC,O'Hara,Anna,Medium
10381,48,98,2,4704,17/2/05,Shipped,1,2,2005,Trucks and Buses,116,S18_1097,Corporate Gift Ideas Co.,6505551386,7734 Strong St.,NULL,San Francisco,CA,NULL,USA,NA,Brown,Julie,Medium
10391,29,85.09999847,10,2467.899902,9/3/2005,Shipped,1,3,2005,Trucks and Buses,116,S18_1097,"Anna's Decorations, Ltd",02 9936 8555,201 Miller Street,Level 15,North Sydney,NSW,2060,Australia,APAC,O'Hara,Anna,Small
10411,27,100,8,3213,1/5/2005,Shipped,2,5,2005,Trucks and Buses,116,S18_1097,Quebec Home Shopping Network,(514) 555-8054,43 rue St. Laurent,NULL,Montreal,Quebec,H1J 1C3,Canada,NA,Fresnisre,Jean,Medium
10424,54,100,5,7182,31/5/05,In Process,2,5,2005,Trucks and Buses,116,S18_1097,Euro Shopping Channel,(91) 555 94 44,"C/ Moralzarzal, 86",NULL,Madrid,NULL,28034,Spain,EMEA,Freyre,Diego,Large
10109,26,100,4,4379.180176,10/3/2003,Shipped,1,3,2003,Classic Cars,141,S18_1129,Motor Mint Distributors Inc.,2155559857,11328 Douglas Av.,NULL,Philadelphia,PA,71270,USA,NA,Hernandez,Rosa,Medium
10122,34,100,2,5004.799805,8/5/2003,Shipped,2,5,2003,Classic Cars,141,S18_1129,Marseille Mini Autos,91.24.4555,"12, rue des Bouchers",NULL,Marseille,NULL,13008,France,EMEA,Lebihan,Laurence,Medium
10136,25,100,2,3644.75,4/7/2003,Shipped,3,7,2003,Classic Cars,141,S18_1129,Alpha Cognac,61.77.6555,1 rue Alsace-Lorraine,NULL,Toulouse,NULL,31000,France,EMEA,Roulet,Annette,Medium
10148,23,100,13,2702.040039,11/9/2003,Shipped,3,9,2003,Classic Cars,141,S18_1129,"Anna's Decorations, Ltd",02 9936 8555,201 Miller Street,Level 15,North Sydney,NSW,2060,Australia,APAC,O'Hara,Anna,Small
10161,28,100,12,3764.879883,17/10/03,Shipped,4,10,2003,Classic Cars,141,S18_1129,Heintze Collectables,86 21 3555,Smagsloget 45,NULL,Aaarhus,NULL,8200,Denmark,EMEA,Ibsen,Palle,Medium
10171,35,100,2,4508,5/11/2003,Shipped,4,11,2003,Classic Cars,141,S18_1129,Quebec Home Shopping Network,(514) 555-8054,43 rue St. Laurent,NULL,Montreal,Quebec,H1J 1C3,Canada,NA,Fresnisre,Jean,Medium
10181,44,100,6,5418.160156,12/11/2003,Shipped,4,11,2003,Classic Cars,141,S18_1129,Herkku Gifts,+47 2267 3215,"Drammen 121, PR 744 Sentrum",NULL,Bergen,NULL,N 5804,Norway,EMEA,Oeztan,Veysel,Medium
10192,22,100,11,3300.659912,20/11/03,Shipped,4,11,2003,Classic Cars,141,S18_1129,Online Diecast Creations Co.,6035558647,2304 Long Airport Avenue,NULL,Nashua,NH,62005,USA,NA,Young,Valarie,Medium
10204,42,100,17,6182.399902,2/12/2003,Shipped,4,12,2003,Classic Cars,141,S18_1129,Muscle Machine Inc,2125557413,4092 Furth Circle,Suite 400,NYC,NY,10022,USA,NA,Young,Jeff,Medium
10212,29,100,10,4186.72998,16/1/04,Shipped,1,1,2004,Classic Cars,141,S18_1129,Euro Shopping Channel,(91) 555 94 44,"C/ Moralzarzal, 86",NULL,Madrid,NULL,28034,Spain,EMEA,Freyre,Diego,Medium
10225,32,100,1,4529.279785,22/2/04,Shipped,1,2,2004,Classic Cars,141,S18_1129,"Vida Sport, Ltd",0897-034555,Grenzacherweg 237,NULL,Gensve,NULL,1203,Switzerland,EMEA,Holz,Michael,Medium
10240,41,100,3,5628.890137,13/4/04,Shipped,2,4,2004,Classic Cars,141,S18_1129,Osaka Souveniers Co.,+81 06 6342 5555,"Dojima Avanza 4F, 1-6-20 Dojima, Kita-ku",NULL,Osaka,Osaka,530-0003,Japan,Japan,Kentary,Mory,Medium
10253,26,100,5,3054.47998,1/6/2004,Cancelled,2,6,2004,Classic Cars,141,S18_1129,"UK Collectables, Ltd.",(171) 555-2282,Berkeley Gardens 12  Brewery,NULL,Liverpool,NULL,WX1 6LT,UK,EMEA,Devon,Elizabeth,Medium
10266,21,100,6,2526.51001,6/7/2004,Shipped,3,7,2004,Classic Cars,141,S18_1129,L'ordine Souveniers,0522-556555,Strada Provinciale 124,NULL,Reggio Emilia,NULL,42100,Italy,EMEA,Moroni,Maurizio,Small
10278,34,100,6,4667.859863,6/8/2004,Shipped,3,8,2004,Classic Cars,141,S18_1129,Signal Gift Stores,7025551838,8489 Strong St.,NULL,Las Vegas,NV,83030,USA,NA,King,Sue,Medium
10287,41,100,4,6499.319824,30/8/04,Shipped,3,8,2004,Classic Cars,141,S18_1129,"Vida Sport, Ltd",0897-034555,Grenzacherweg 237,NULL,Gensve,NULL,1203,Switzerland,EMEA,Holz,Michael,Medium
10301,37,100,8,5917.779785,5/10/2003,Shipped,4,10,2003,Classic Cars,141,S18_1129,"Norway Gifts By Mail, Co.",+47 2212 1555,"Drammensveien 126 A, PB 744 Sentrum",NULL,Oslo,NULL,N 0106,Norway,EMEA,Klaeboe,Jan,Medium
10310,37,100,2,6231.910156,16/10/04,Shipped,4,10,2004,Classic Cars,141,S18_1129,"Toms Spezialitten, Ltd",0221-5554327,Mehrheimerstr. 369,NULL,Koln,NULL,50739,Germany,EMEA,Pfalzheim,Henriette,Medium
10321,41,100,10,5803.140137,4/11/2004,Shipped,4,11,2004,Classic Cars,141,S18_1129,FunGiftIdeas.com,5085552555,1785 First Street,NULL,New Bedford,MA,50553,USA,NA,Benitez,Violeta,Medium
10331,46,100,6,6434.02002,17/11/04,Shipped,4,11,2004,Classic Cars,141,S18_1129,Motor Mint Distributors Inc.,2155559857,11328 Douglas Av.,NULL,Philadelphia,PA,71270,USA,NA,Hernandez,Rosa,Medium
10342,40,100,2,6454.399902,24/11/04,Shipped,4,11,2004,Classic Cars,141,S18_1129,"Australian Collectors, Co.",03 9520 4555,636 St Kilda Road,Level 3,Melbourne,Victoria,3004,Australia,APAC,Ferguson,Peter,Medium
10356,43,97.59999847,8,4196.799805,9/12/2004,Shipped,4,12,2004,Classic Cars,141,S18_1129,Lyon Souveniers,+33 1 46 62 7555,27 rue du Colonel Pierre Avia,NULL,Paris,NULL,75508,France,EMEA,Da Cunha,Daniel,Medium
10365,30,87.05999756,1,2611.800049,7/1/2005,Shipped,1,1,2005,Classic Cars,141,S18_1129,Mini Creations Ltd.,5085559555,4575 Hillside Dr.,NULL,New Bedford,MA,50553,USA,NA,Tam,Wing C,Small
10377,35,100,2,5895.049805,9/2/2005,Shipped,1,2,2005,Classic Cars,141,S18_1129,"Toys of Finland, Co.",90-224 8555,Keskuskatu 45,NULL,Helsinki,NULL,21240,Finland,EMEA,Karttunen,Matti,Medium
10390,36,93.76999664,14,3375.719971,4/3/2005,Shipped,1,3,2005,Classic Cars,141,S18_1129,Mini Gifts Distributors Ltd.,4155551450,5677 Strong St.,NULL,San Rafael,CA,97562,USA,NA,Nelson,Valarie,Medium
10406,61,100,3,8374.69043,15/4/05,Disputed,2,4,2005,Classic Cars,141,S18_1129,Danish Wholesale Imports,31 12 3555,Vinb'ltet 34,NULL,Kobenhavn,NULL,1734,Denmark,EMEA,Petersen,Jytte,Large
10419,38,100,5,4464.240234,17/5/05,Shipped,2,5,2005,Classic Cars,141,S18_1129,Salzburg Collectables,6562-9555,Geislweg 14,NULL,Salzburg,NULL,5020,Austria,EMEA,Pipps,Georg,Medium
10102,39,100,2,4808.310059,10/1/2003,Shipped,1,1,2003,Vintage Cars,102,S18_1342,Vitachrome Inc.,2125551500,2678 Kingston Rd.,Suite 101,NYC,NY,10022,USA,NA,Frick,Michael,Medium
10111,33,99.66000366,6,3288.780029,25/3/03,Shipped,1,3,2003,Vintage Cars,102,S18_1342,Mini Wheels Co.,6505555787,5557 North Pendale Street,NULL,San Francisco,CA,NULL,USA,NA,Murphy,Julie,Medium
10125,32,100,1,3254.719971,21/5/03,Shipped,2,5,2003,Vintage Cars,102,S18_1342,"Australian Collectors, Co.",03 9520 4555,636 St Kilda Road,Level 3,Melbourne,Victoria,3004,Australia,APAC,Ferguson,Peter,Medium
10139,31,100,7,3184.939941,16/7/03,Shipped,3,7,2003,Vintage Cars,102,S18_1342,Souveniers And Things Co.,+61 2 9495 8555,"Monitor Money Building, 815 Pacific Hwy",Level 6,Chatswood,NSW,2067,Australia,APAC,Huxley,Adrian,Medium
10149,50,100,4,5907.5,12/9/2003,Shipped,3,9,2003,Vintage Cars,102,S18_1342,Signal Collectibles Ltd.,4155554312,2793 Furth Circle,NULL,Brisbane,CA,94217,USA,NA,Taylor,Sue,Medium
10162,48,91.44000244,2,4389.120117,18/10/03,Shipped,4,10,2003,Vintage Cars,102,S18_1342,Corporate Gift Ideas Co.,6505551386,7734 Strong St.,NULL,San Francisco,CA,NULL,USA,NA,Brown,Julie,Medium
10173,43,100,6,5036.160156,5/11/2003,Shipped,4,11,2003,Vintage Cars,102,S18_1342,Rovelli Gifts,035-640555,Via Ludovico il Moro 22,NULL,Bergamo,NULL,24100,Italy,EMEA,Rovelli,Giovanni,Medium
10182,25,87.33000183,3,2183.25,12/11/2003,Shipped,4,11,2003,Vintage Cars,102,S18_1342,Mini Gifts Distributors Ltd.,4155551450,5677 Strong St.,NULL,San Rafael,CA,97562,USA,NA,Nelson,Valarie,Small
10193,28,100,7,3106.879883,21/11/03,Shipped,4,11,2003,Vintage Cars,102,S18_1342,"Australian Collectables, Ltd",61-9-3844-6555,7 Allen Street,NULL,Glen Waverly,Victoria,3150,Australia,APAC,Connery,Sean,Medium
10205,36,100,2,3735.719971,3/12/2003,Shipped,4,12,2003,Vintage Cars,102,S18_1342,Euro Shopping Channel,(91) 555 94 44,"C/ Moralzarzal, 86",NULL,Madrid,NULL,28034,Spain,EMEA,Freyre,Diego,Medium
10215,27,89.37999725,10,2413.26001,29/1/04,Shipped,1,1,2004,Vintage Cars,102,S18_1342,West Coast Collectables Co.,3105553722,3675 Furth Circle,NULL,Burbank,CA,94019,USA,NA,Thompson,Steve,Small
10227,25,100,3,2953.75,2/3/2004,Shipped,1,3,2004,Vintage Cars,102,S18_1342,"Saveley & Henriot, Co.",78.32.5555,"2, rue du Commerce",NULL,Lyon,NULL,69004,France,EMEA,Saveley,Mary,Small
10244,40,100,7,4684.799805,29/4/04,Shipped,2,4,2004,Vintage Cars,102,S18_1342,Euro Shopping Channel,(91) 555 94 44,"C/ Moralzarzal, 86",NULL,Madrid,NULL,28034,Spain,EMEA,Freyre,Diego,Medium
10256,34,95.55000305,2,3248.699951,8/6/2004,Shipped,2,6,2004,Vintage Cars,102,S18_1342,Danish Wholesale Imports,31 12 3555,Vinb'ltet 34,NULL,Kobenhavn,NULL,1734,Denmark,EMEA,Petersen,Jytte,Medium
10280,50,100,9,5239.5,17/8/04,Shipped,3,8,2004,Vintage Cars,102,S18_1342,Amica Models & Co.,011-4988555,Via Monte Bianco 34,NULL,Torino,NULL,10100,Italy,EMEA,Accorti,Paolo,Medium
10289,38,100,2,4567.97998,3/9/2004,Shipped,3,9,2004,Vintage Cars,102,S18_1342,Herkku Gifts,+47 2267 3215,"Drammen 121, PR 744 Sentrum",NULL,Bergen,NULL,N 5804,Norway,EMEA,Oeztan,Veysel,Medium
10304,37,95.55000305,13,3535.350098,11/10/2004,Shipped,4,10,2004,Vintage Cars,102,S18_1342,Auto Assoc. & Cie.,30.59.8555,"67, avenue de l'Europe",NULL,Versailles,NULL,78000,France,EMEA,Tonini,Daniel,Medium
10312,43,89.37999725,10,3843.340088,21/10/04,Shipped,4,10,2004,Vintage Cars,102,S18_1342,Mini Gifts Distributors Ltd.,4155551450,5677 Strong St.,NULL,San Rafael,CA,97562,USA,NA,Nelson,Valarie,Medium
10322,43,86.30000305,14,3710.899902,4/11/2004,Shipped,4,11,2004,Vintage Cars,102,S18_1342,Online Diecast Creations Co.,6035558647,2304 Long Airport Avenue,NULL,Nashua,NH,62005,USA,NA,Young,Valarie,Medium
10332,46,95.12999725,15,4375.97998,17/11/04,Shipped,4,11,2004,Vintage Cars,102,S18_1342,"AV Stores, Co.",(171) 555-1555,Fauntleroy Circus,NULL,Manchester,NULL,EC2 5NT,UK,EMEA,Ashworth,Victoria,Medium
10346,42,36.11000061,3,1516.619995,29/11/04,Shipped,4,11,2004,Vintage Cars,102,S18_1342,Signal Gift Stores,7025551838,8489 Strong St.,NULL,Las Vegas,NV,83030,USA,NA,King,Sue,Small
10356,50,50.18000031,9,2509,9/12/2004,Shipped,4,12,2004,Vintage Cars,102,S18_1342,Lyon Souveniers,+33 1 46 62 7555,27 rue du Colonel Pierre Avia,NULL,Paris,NULL,75508,France,EMEA,Da Cunha,Daniel,Small
10369,44,100,8,9240.44043,20/1/05,Shipped,1,1,2005,Vintage Cars,102,S18_1342,Collectables For Less Inc.,6175558555,7825 Douglas Av.,NULL,Brickhaven,MA,58339,USA,NA,Nelson,Allen,Large
10380,27,93.16000366,13,2515.320068,16/2/05,Shipped,1,2,2005,Vintage Cars,102,S18_1342,Euro Shopping Channel,(91) 555 94 44,"C/ Moralzarzal, 86",NULL,Madrid,NULL,28034,Spain,EMEA,Freyre,Diego,Small
10391,35,100,2,5548.899902,9/3/2005,Shipped,1,3,2005,Vintage Cars,102,S18_1342,"Anna's Decorations, Ltd",02 9936 8555,201 Miller Street,Level 15,North Sydney,NSW,2060,Australia,APAC,O'Hara,Anna,Medium
10422,51,95.55000305,2,4873.049805,30/5/05,In Process,2,5,2005,Vintage Cars,102,S18_1342,Diecast Classics Inc.,2155551555,7586 Pompton St.,NULL,Allentown,PA,70267,USA,NA,Yu,Kyung,Medium
10102,41,50.13999939,1,2055.73999,10/1/2003,Shipped,1,1,2003,Vintage Cars,53,S18_1367,Vitachrome Inc.,2125551500,2678 Kingston Rd.,Suite 101,NYC,NY,10022,USA,NA,Frick,Michael,Small
10111,48,49.06000137,5,2354.879883,25/3/03,Shipped,1,3,2003,Vintage Cars,53,S18_1367,Mini Wheels Co.,6505555787,5557 North Pendale Street,NULL,San Francisco,CA,NULL,USA,NA,Murphy,Julie,Small
10126,42,54.99000168,17,2309.580078,28/5/03,Shipped,2,5,2003,Vintage Cars,53,S18_1367,"Corrida Auto Replicas, Ltd",(91) 555 22 82,"C/ Araquil, 67",NULL,Madrid,NULL,28023,Spain,EMEA,Sommer,Mart n,Small
10139,49,43.13000107,6,2113.370117,16/7/03,Shipped,3,7,2003,Vintage Cars,53,S18_1367,Souveniers And Things Co.,+61 2 9495 8555,"Monitor Money Building, 815 Pacific Hwy",Level 6,Chatswood,NSW,2067,Australia,APAC,Huxley,Adrian,Small
10149,30,58.22000122,3,1746.599976,12/9/2003,Shipped,3,9,2003,Vintage Cars,53,S18_1367,Signal Collectibles Ltd.,4155554312,2793 Furth Circle,NULL,Brisbane,CA,94217,USA,NA,Taylor,Sue,Small
10162,45,51.20999908,1,2304.449951,18/10/03,Shipped,4,10,2003,Vintage Cars,53,S18_1367,Corporate Gift Ideas Co.,6505551386,7734 Strong St.,NULL,San Francisco,CA,NULL,USA,NA,Brown,Julie,Small
10173,48,44.20999908,5,2122.080078,5/11/2003,Shipped,4,11,2003,Vintage Cars,53,S18_1367,Rovelli Gifts,035-640555,Via Ludovico il Moro 22,NULL,Bergamo,NULL,24100,Italy,EMEA,Rovelli,Giovanni,Small
10182,32,54.45000076,2,1742.400024,12/11/2003,Shipped,4,11,2003,Vintage Cars,53,S18_1367,Mini Gifts Distributors Ltd.,4155551450,5677 Strong St.,NULL,San Rafael,CA,97562,USA,NA,Nelson,Valarie,Small
10193,46,53.36999893,6,2455.02002,21/11/03,Shipped,4,11,2003,Vintage Cars,53,S18_1367,"Australian Collectables, Ltd",61-9-3844-6555,7 Allen Street,NULL,Glen Waverly,Victoria,3150,Australia,APAC,Connery,Sean,Small
10205,48,63.61000061,1,3053.280029,3/12/2003,Shipped,4,12,2003,Vintage Cars,53,S18_1367,Euro Shopping Channel,(91) 555 94 44,"C/ Moralzarzal, 86",NULL,Madrid,NULL,28034,Spain,EMEA,Freyre,Diego,Medium
10215,33,43.13000107,9,1423.290039,29/1/04,Shipped,1,1,2004,Vintage Cars,53,S18_1367,West Coast Collectables Co.,3105553722,3675 Furth Circle,NULL,Burbank,CA,94019,USA,NA,Thompson,Steve,Small
10227,31,48.52000046,2,1504.119995,2/3/2004,Shipped,1,3,2004,Vintage Cars,53,S18_1367,"Saveley & Henriot, Co.",78.32.5555,"2, rue du Commerce",NULL,Lyon,NULL,69004,France,EMEA,Saveley,Mary,Small
10244,20,58.22000122,6,1164.400024,29/4/04,Shipped,2,4,2004,Vintage Cars,53,S18_1367,Euro Shopping Channel,(91) 555 94 44,"C/ Moralzarzal, 86",NULL,Madrid,NULL,28034,Spain,EMEA,Freyre,Diego,Small
10256,29,51.75,1,1500.75,8/6/2004,Shipped,2,6,2004,Vintage Cars,53,S18_1367,Danish Wholesale Imports,31 12 3555,Vinb'ltet 34,NULL,Kobenhavn,NULL,1734,Denmark,EMEA,Petersen,Jytte,Small
10280,27,57.68000031,8,1557.359985,17/8/04,Shipped,3,8,2004,Vintage Cars,53,S18_1367,Amica Models & Co.,011-4988555,Via Monte Bianco 34,NULL,Torino,NULL,10100,Italy,EMEA,Accorti,Paolo,Small
10289,24,56.06999969,1,1345.680054,3/9/2004,Shipped,3,9,2004,Vintage Cars,53,S18_1367,Herkku Gifts,+47 2267 3215,"Drammen 121, PR 744 Sentrum",NULL,Bergen,NULL,N 5804,Norway,EMEA,Oeztan,Veysel,Small
10304,37,48.52000046,12,1795.23999,11/10/2004,Shipped,4,10,2004,Vintage Cars,53,S18_1367,Auto Assoc. & Cie.,30.59.8555,"67, avenue de l'Europe",NULL,Versailles,NULL,78000,France,EMEA,Tonini,Daniel,Small
10312,25,44.20999908,9,1105.25,21/10/04,Shipped,4,10,2004,Vintage Cars,53,S18_1367,Mini Gifts Distributors Ltd.,4155551450,5677 Strong St.,NULL,San Rafael,CA,97562,USA,NA,Nelson,Valarie,Small
10322,41,57.68000031,5,2364.879883,4/11/2004,Shipped,4,11,2004,Vintage Cars,53,S18_1367,Online Diecast Creations Co.,6035558647,2304 Long Airport Avenue,NULL,Nashua,NH,62005,USA,NA,Young,Valarie,Small
10332,27,89.88999939,16,2427.030029,17/11/04,Shipped,4,11,2004,Vintage Cars,53,S18_1367,"AV Stores, Co.",(171) 555-1555,Fauntleroy Circus,NULL,Manchester,NULL,EC2 5NT,UK,EMEA,Ashworth,Victoria,Small
10347,21,58.95000076,7,1237.949951,29/11/04,Shipped,4,11,2004,Vintage Cars,53,S18_1367,"Australian Collectors, Co.",03 9520 4555,636 St Kilda Road,Level 3,Melbourne,Victoria,3004,Australia,APAC,Ferguson,Peter,Small
10356,22,72.41000366,6,1593.02002,9/12/2004,Shipped,4,12,2004,Vintage Cars,53,S18_1367,Lyon Souveniers,+33 1 46 62 7555,27 rue du Colonel Pierre Avia,NULL,Paris,NULL,75508,France,EMEA,Da Cunha,Daniel,Small
10369,32,98.62999725,7,3156.159912,20/1/05,Shipped,1,1,2005,Vintage Cars,53,S18_1367,Collectables For Less Inc.,6175558555,7825 Douglas Av.,NULL,Brickhaven,MA,58339,USA,NA,Nelson,Allen,Medium
10381,25,52.83000183,9,1320.75,17/2/05,Shipped,1,2,2005,Vintage Cars,53,S18_1367,Corporate Gift Ideas Co.,6505551386,7734 Strong St.,NULL,San Francisco,CA,NULL,USA,NA,Brown,Julie,Small
10391,42,100,3,4998,9/3/2005,Shipped,1,3,2005,Vintage Cars,53,S18_1367,"Anna's Decorations, Ltd",02 9936 8555,201 Miller Street,Level 15,North Sydney,NSW,2060,Australia,APAC,O'Hara,Anna,Medium
10422,25,51.75,1,1293.75,30/5/05,In Process,2,5,2005,Vintage Cars,53,S18_1367,Diecast Classics Inc.,2155551555,7586 Pompton St.,NULL,Allentown,PA,70267,USA,NA,Yu,Kyung,Small
10110,37,100,16,5433.080078,18/3/03,Shipped,1,3,2003,Classic Cars,124,S18_1589,"AV Stores, Co.",(171) 555-1555,Fauntleroy Circus,NULL,Manchester,NULL,EC2 5NT,UK,EMEA,Ashworth,Victoria,Medium
10123,26,100,2,3073.719971,20/5/03,Shipped,2,5,2003,Classic Cars,124,S18_1589,Atelier graphique,40.32.2555,"54, rue Royale",NULL,Nantes,NULL,44000,France,EMEA,Schmitt,Carine,Medium
10137,44,99.55000305,2,4380.200195,10/7/2003,Shipped,3,7,2003,Classic Cars,124,S18_1589,Reims Collectables,26.47.1555,59 rue de l'Abbaye,NULL,Reims,NULL,51100,France,EMEA,Henriot,Paul,Medium
10148,47,100,9,5848.680176,11/9/2003,Shipped,3,9,2003,Classic Cars,124,S18_1589,"Anna's Decorations, Ltd",02 9936 8555,201 Miller Street,Level 15,North Sydney,NSW,2060,Australia,APAC,O'Hara,Anna,Medium
10161,43,100,8,6153.72998,17/10/03,Shipped,4,10,2003,Classic Cars,124,S18_1589,Heintze Collectables,86 21 3555,Smagsloget 45,NULL,Aaarhus,NULL,8200,Denmark,EMEA,Ibsen,Palle,Medium
10172,42,100,6,4965.240234,5/11/2003,Shipped,4,11,2003,Classic Cars,124,S18_1589,Gift Depot Inc.,2035552570,25593 South Bay Ln.,NULL,Bridgewater,CT,97562,USA,NA,King,Julie,Medium
10181,42,100,2,5435.640137,12/11/2003,Shipped,4,11,2003,Classic Cars,124,S18_1589,Herkku Gifts,+47 2267 3215,"Drammen 121, PR 744 Sentrum",NULL,Bergen,NULL,N 5804,Norway,EMEA,Oeztan,Veysel,Medium
10192,29,100,7,4258.359863,20/11/03,Shipped,4,11,2003,Classic Cars,124,S18_1589,Online Diecast Creations Co.,6035558647,2304 Long Airport Avenue,NULL,Nashua,NH,62005,USA,NA,Young,Valarie,Medium
10204,40,100,13,4032,2/12/2003,Shipped,4,12,2003,Classic Cars,124,S18_1589,Muscle Machine Inc,2125557413,4092 Furth Circle,Suite 400,NYC,NY,10022,USA,NA,Young,Jeff,Medium
10212,38,100,6,4492.359863,16/1/04,Shipped,1,1,2004,Classic Cars,124,S18_1589,Euro Shopping Channel,(91) 555 94 44,"C/ Moralzarzal, 86",NULL,Madrid,NULL,28034,Spain,EMEA,Freyre,Diego,Medium
10226,38,100,4,4161.379883,26/2/04,Shipped,1,2,2004,Classic Cars,124,S18_1589,Collectable Mini Designs Co.,7605558146,361 Furth Circle,NULL,San Diego,CA,91217,USA,NA,Thompson,Valarie,Medium
10241,21,100,11,2508.659912,13/4/04,Shipped,2,4,2004,Classic Cars,124,S18_1589,Mini Caravy,88.60.1555,"24, place Kluber",NULL,Strasbourg,NULL,67000,France,EMEA,Citeaux,Frederique,Small
10253,24,100,1,3374.879883,1/6/2004,Cancelled,2,6,2004,Classic Cars,124,S18_1589,"UK Collectables, Ltd.",(171) 555-2282,Berkeley Gardens 12  Brewery,NULL,Liverpool,NULL,WX1 6LT,UK,EMEA,Devon,Elizabeth,Medium
10266,36,100,2,5196.600098,6/7/2004,Shipped,3,7,2004,Classic Cars,124,S18_1589,L'ordine Souveniers,0522-556555,Strada Provinciale 124,NULL,Reggio Emilia,NULL,42100,Italy,EMEA,Moroni,Maurizio,Medium
10278,23,100,2,2604.52002,6/8/2004,Shipped,3,8,2004,Classic Cars,124,S18_1589,Signal Gift Stores,7025551838,8489 Strong St.,NULL,Las Vegas,NV,83030,USA,NA,King,Sue,Small
10288,20,100,14,2936.800049,1/9/2004,Shipped,3,9,2004,Classic Cars,124,S18_1589,Handji Gifts& Co,+65 224 1555,Village Close - 106 Linden Road Sandown,2nd Floor,Singapore,NULL,69045,Singapore,APAC,Victorino,Wendy,Small
10301,32,100,4,3424.639893,5/10/2003,Shipped,4,10,2003,Classic Cars,124,S18_1589,"Norway Gifts By Mail, Co.",+47 2212 1555,"Drammensveien 126 A, PB 744 Sentrum",NULL,Oslo,NULL,N 0106,Norway,EMEA,Klaeboe,Jan,Medium
10311,29,100,9,2923.199951,16/10/04,Shipped,4,10,2004,Classic Cars,124,S18_1589,Euro Shopping Channel,(91) 555 94 44,"C/ Moralzarzal, 86",NULL,Madrid,NULL,28034,Spain,EMEA,Freyre,Diego,Small
10321,44,100,6,4489.759766,4/11/2004,Shipped,4,11,2004,Classic Cars,124,S18_1589,FunGiftIdeas.com,5085552555,1785 First Street,NULL,New Bedford,MA,50553,USA,NA,Benitez,Violeta,Medium
10331,44,100,14,4849.240234,17/11/04,Shipped,4,11,2004,Classic Cars,124,S18_1589,Motor Mint Distributors Inc.,2155559857,11328 Douglas Av.,NULL,Philadelphia,PA,71270,USA,NA,Hernandez,Rosa,Medium
10343,36,100,4,5848.919922,24/11/04,Shipped,4,11,2004,Classic Cars,124,S18_1589,Reims Collectables,26.47.1555,59 rue de l'Abbaye,NULL,Reims,NULL,51100,France,EMEA,Henriot,Paul,Medium
10367,49,56.29999924,1,2758.699951,12/1/2005,Resolved,1,1,2005,Classic Cars,124,S18_1589,Toys4GrownUps.com,6265557265,78934 Hillside Dr.,NULL,Pasadena,CA,90003,USA,NA,Young,Julie,Small
10378,34,42.63999939,5,1449.76001,10/2/2005,Shipped,1,2,2005,Classic Cars,124,S18_1589,Euro Shopping Channel,(91) 555 94 44,"C/ Moralzarzal, 86",NULL,Madrid,NULL,28034,Spain,EMEA,Freyre,Diego,Small
10407,59,100,11,7048.140137,22/4/05,On Hold,2,4,2005,Classic Cars,124,S18_1589,The Sharp Gifts Warehouse,4085553659,3086 Ingle Ln.,NULL,San Jose,CA,94217,USA,NA,Frick,Sue,Large
10419,37,100,1,5202.939941,17/5/05,Shipped,2,5,2005,Classic Cars,124,S18_1589,Salzburg Collectables,6562-9555,Geislweg 14,NULL,Salzburg,NULL,5020,Austria,EMEA,Pipps,Georg,Medium
10106,36,100,12,5279.399902,17/2/03,Shipped,1,2,2003,Planes,157,S18_1662,Rovelli Gifts,035-640555,Via Ludovico il Moro 22,NULL,Bergamo,NULL,24100,Italy,EMEA,Rovelli,Giovanni,Medium
10119,43,100,3,6916.120117,28/4/03,Shipped,2,4,2003,Planes,157,S18_1662,Salzburg Collectables,6562-9555,Geislweg 14,NULL,Salzburg,NULL,5020,Austria,EMEA,Pipps,Georg,Medium
10131,21,100,4,2781.659912,16/6/03,Shipped,2,6,2003,Planes,157,S18_1662,Gift Ideas Corp.,2035554407,2440 Pompton St.,NULL,Glendale,CT,97561,USA,NA,Lewis,Dan,Small
10143,32,100,7,5248,10/8/2003,Shipped,3,8,2003,Planes,157,S18_1662,Mini Creations Ltd.,5085559555,4575 Hillside Dr.,NULL,New Bedford,MA,50553,USA,NA,Tam,Wing C,Medium
10155,38,100,5,6531.439941,6/10/2003,Shipped,4,10,2003,Planes,157,S18_1662,"Toys of Finland, Co.",90-224 8555,Keskuskatu 45,NULL,Helsinki,NULL,21240,Finland,EMEA,Karttunen,Matti,Medium
10167,43,100,1,5763.720215,23/10/03,Cancelled,4,10,2003,Planes,157,S18_1662,Scandinavian Gift Ideas,0695-34 6555,?kergatan 24,NULL,Boras,NULL,S-844 67,Sweden,EMEA,Larsson,Maria,Medium
10178,42,100,4,6490.680176,8/11/2003,Shipped,4,11,2003,Planes,157,S18_1662,Alpha Cognac,61.77.6555,1 rue Alsace-Lorraine,NULL,Toulouse,NULL,31000,France,EMEA,Roulet,Annette,Medium
10186,32,100,1,6004.799805,14/11/03,Shipped,4,11,2003,Planes,157,S18_1662,"Double Decker Gift Stores, Ltd",(171) 555-7555,120 Hanover Sq.,NULL,London,NULL,WA1 1DP,UK,EMEA,Hardy,Thomas,Medium
10198,42,100,4,7483.97998,27/11/03,Shipped,4,11,2003,Planes,157,S18_1662,Cruz & Sons Co.,+63 2 555 3587,15 McCallum Street - NatWest Center #13-03,NULL,Makati City,NULL,1227 MM,Philippines,Japan,Cruz,Arnold,Large
10210,31,100,17,5719.5,12/1/2004,Shipped,1,1,2004,Planes,157,S18_1662,Osaka Souveniers Co.,+81 06 6342 5555,"Dojima Avanza 4F, 1-6-20 Dojima, Kita-ku",NULL,Osaka,Osaka,530-0003,Japan,Japan,Kentary,Mory,Medium
10222,49,100,4,6954.080078,19/2/04,Shipped,1,2,2004,Planes,157,S18_1662,Collectable Mini Designs Co.,7605558146,361 Furth Circle,NULL,San Diego,CA,91217,USA,NA,Thompson,Valarie,Medium
10250,45,100,14,8160.299805,11/5/2004,Shipped,2,5,2004,Planes,157,S18_1662,The Sharp Gifts Warehouse,4085553659,3086 Ingle Ln.,NULL,San Jose,CA,94217,USA,NA,Frick,Sue,Large
10262,49,100,9,6567.959961,24/6/04,Cancelled,2,6,2004,Planes,157,S18_1662,Euro Shopping Channel,(91) 555 94 44,"C/ Moralzarzal, 86",NULL,Madrid,NULL,28034,Spain,EMEA,Freyre,Diego,Medium
10274,41,100,1,6724,21/7/04,Shipped,3,7,2004,Planes,157,S18_1662,Collectables For Less Inc.,6175558555,7825 Douglas Av.,NULL,Brickhaven,MA,58339,USA,NA,Nelson,Allen,Medium
10284,45,100,11,5747.850098,21/8/04,Shipped,3,8,2004,Planes,157,S18_1662,"Norway Gifts By Mail, Co.",+47 2212 1555,"Drammensveien 126 A, PB 744 Sentrum",NULL,Oslo,NULL,N 0106,Norway,EMEA,Klaeboe,Jan,Medium
10296,36,100,7,5676.839844,15/9/04,Shipped,3,9,2004,Planes,157,S18_1662,"Bavarian Collectables Imports, Co.",+49 89 61 08 9555,Hansastr. 15,NULL,Munich,NULL,80686,Germany,EMEA,Donnermeyer,Michael,Medium
10307,39,100,1,7379.970215,14/10/04,Shipped,4,10,2004,Planes,157,S18_1662,"Classic Gift Ideas, Inc",2155554695,782 First Street,NULL,Philadelphia,PA,71270,USA,NA,Cervantes,Francisca,Large
10316,27,100,9,3704.129883,1/11/2004,Shipped,4,11,2004,Planes,157,S18_1662,giftsbymail.co.uk,(198) 555-8888,Garden House Crowther Way,NULL,Cowes,Isle of Wight,PO31 7PJ,UK,EMEA,Bennett,Helen,Medium
10327,25,100,6,2804.75,10/11/2004,Resolved,4,11,2004,Planes,157,S18_1662,Danish Wholesale Imports,31 12 3555,Vinb'ltet 34,NULL,Kobenhavn,NULL,1734,Denmark,EMEA,Petersen,Jytte,Small
10338,41,100,1,5624.790039,22/11/04,Shipped,4,11,2004,Planes,157,S18_1662,Royale Belge,(071) 23 67 2555,"Boulevard Tirou, 255",NULL,Charleroi,NULL,B-6000,Belgium,EMEA,Cartrain,Pascale,Medium
10351,39,99.51999664,1,3881.280029,3/12/2004,Shipped,4,12,2004,Planes,157,S18_1662,"Stylish Desk Decors, Co.",(171) 555-0297,35 King George,NULL,London,NULL,WX3 6FW,UK,EMEA,Brown,Ann,Medium
10373,28,57.54999924,4,1611.400024,31/1/05,Shipped,1,1,2005,Planes,157,S18_1662,"Oulu Toy Supplies, Inc.",981-443655,Torikatu 38,NULL,Oulu,NULL,90110,Finland,EMEA,Koskitalo,Pirkko,Small
10386,25,54.56999969,7,1364.25,1/3/2005,Resolved,1,3,2005,Planes,157,S18_1662,Euro Shopping Channel,(91) 555 94 44,"C/ Moralzarzal, 86",NULL,Madrid,NULL,28034,Spain,EMEA,Freyre,Diego,Small
10398,33,100,11,4215.089844,30/3/05,Shipped,1,3,2005,Planes,157,S18_1662,Reims Collectables,26.47.1555,59 rue de l'Abbaye,NULL,Reims,NULL,51100,France,EMEA,Henriot,Paul,Medium
10400,34,100,1,6433.819824,1/4/2005,Shipped,2,4,2005,Planes,157,S18_1662,The Sharp Gifts Warehouse,4085553659,3086 Ingle Ln.,NULL,San Jose,CA,94217,USA,NA,Frick,Sue,Medium
10416,24,100,14,4352.160156,10/5/2005,Shipped,2,5,2005,Planes,157,S18_1662,L'ordine Souveniers,0522-556555,Strada Provinciale 124,NULL,Reggio Emilia,NULL,42100,Italy,EMEA,Moroni,Maurizio,Medium
10100,30,100,3,5151,6/1/2003,Shipped,1,1,2003,Vintage Cars,170,S18_1749,Online Diecast Creations Co.,6035558647,2304 Long Airport Avenue,NULL,Nashua,NH,62005,USA,NA,Young,Valarie,Medium
10110,42,100,7,6069,18/3/03,Shipped,1,3,2003,Vintage Cars,170,S18_1749,"AV Stores, Co.",(171) 555-1555,Fauntleroy Circus,NULL,Manchester,NULL,EC2 5NT,UK,EMEA,Ashworth,Victoria,Medium
10124,21,100,6,2856,21/5/03,Shipped,2,5,2003,Vintage Cars,170,S18_1749,Signal Gift Stores,7025551838,8489 Strong St.,NULL,Las Vegas,NV,83030,USA,NA,King,Sue,Small
10149,34,100,11,5375.399902,12/9/2003,Shipped,3,9,2003,Vintage Cars,170,S18_1749,Signal Collectibles Ltd.,4155554312,2793 Furth Circle,NULL,Brisbane,CA,94217,USA,NA,Taylor,Sue,Medium
10162,29,100,9,5176.5,18/10/03,Shipped,4,10,2003,Vintage Cars,170,S18_1749,Corporate Gift Ideas Co.,6505551386,7734 Strong St.,NULL,San Francisco,CA,NULL,USA,NA,Brown,Julie,Medium
10173,24,100,13,3508.800049,5/11/2003,Shipped,4,11,2003,Vintage Cars,170,S18_1749,Rovelli Gifts,035-640555,Via Ludovico il Moro 22,NULL,Bergamo,NULL,24100,Italy,EMEA,Rovelli,Giovanni,Medium
10182,44,100,10,7554.799805,12/11/2003,Shipped,4,11,2003,Vintage Cars,170,S18_1749,Mini Gifts Distributors Ltd.,4155551450,5677 Strong St.,NULL,San Rafael,CA,97562,USA,NA,Nelson,Valarie,Large
10193,21,100,14,3141.600098,21/11/03,Shipped,4,11,2003,Vintage Cars,170,S18_1749,"Australian Collectables, Ltd",61-9-3844-6555,7 Allen Street,NULL,Glen Waverly,Victoria,3150,Australia,APAC,Connery,Sean,Medium
10204,33,100,4,5890.5,2/12/2003,Shipped,4,12,2003,Vintage Cars,170,S18_1749,Muscle Machine Inc,2125557413,4092 Furth Circle,Suite 400,NYC,NY,10022,USA,NA,Young,Jeff,Medium
10214,30,100,7,5967,26/1/04,Shipped,1,1,2004,Vintage Cars,170,S18_1749,"Corrida Auto Replicas, Ltd",(91) 555 22 82,"C/ Araquil, 67",NULL,Madrid,NULL,28023,Spain,EMEA,Sommer,Mart n,Medium
10227,26,100,10,3712.800049,2/3/2004,Shipped,1,3,2004,Vintage Cars,170,S18_1749,"Saveley & Henriot, Co.",78.32.5555,"2, rue du Commerce",NULL,Lyon,NULL,69004,France,EMEA,Saveley,Mary,Medium
10241,41,100,2,7597.299805,13/4/04,Shipped,2,4,2004,Vintage Cars,170,S18_1749,Mini Caravy,88.60.1555,"24, place Kluber",NULL,Strasbourg,NULL,67000,France,EMEA,Citeaux,Frederique,Large
10280,26,100,16,3668.600098,17/8/04,Shipped,3,8,2004,Vintage Cars,170,S18_1749,Amica Models & Co.,011-4988555,Via Monte Bianco 34,NULL,Torino,NULL,10100,Italy,EMEA,Accorti,Paolo,Medium
10288,32,100,5,5875.200195,1/9/2004,Shipped,3,9,2004,Vintage Cars,170,S18_1749,Handji Gifts& Co,+65 224 1555,Village Close - 106 Linden Road Sandown,2nd Floor,Singapore,NULL,69045,Singapore,APAC,Victorino,Wendy,Medium
10302,43,100,1,7310,6/10/2003,Shipped,4,10,2003,Vintage Cars,170,S18_1749,"UK Collectables, Ltd.",(171) 555-2282,Berkeley Gardens 12  Brewery,NULL,Liverpool,NULL,WX1 6LT,UK,EMEA,Devon,Elizabeth,Large
10312,48,100,17,8078.399902,21/10/04,Shipped,4,10,2004,Vintage Cars,170,S18_1749,Mini Gifts Distributors Ltd.,4155551450,5677 Strong St.,NULL,San Rafael,CA,97562,USA,NA,Nelson,Valarie,Large
10331,44,74.04000092,7,3257.76001,17/11/04,Shipped,4,11,2004,Vintage Cars,170,S18_1749,Motor Mint Distributors Inc.,2155559857,11328 Douglas Av.,NULL,Philadelphia,PA,71270,USA,NA,Hernandez,Rosa,Medium
10344,45,100,1,7650,25/11/04,Shipped,4,11,2004,Vintage Cars,170,S18_1749,Marseille Mini Autos,91.24.4555,"12, rue des Bouchers",NULL,Marseille,NULL,13008,France,EMEA,Lebihan,Laurence,Large
10367,37,100,3,4703.810059,12/1/2005,Resolved,1,1,2005,Vintage Cars,170,S18_1749,Toys4GrownUps.com,6265557265,78934 Hillside Dr.,NULL,Pasadena,CA,90003,USA,NA,Young,Julie,Medium
10379,39,100,2,5399.549805,10/2/2005,Shipped,1,2,2005,Vintage Cars,170,S18_1749,Euro Shopping Channel,(91) 555 94 44,"C/ Moralzarzal, 86",NULL,Madrid,NULL,28034,Spain,EMEA,Freyre,Diego,Medium
10407,76,100,2,14082.7998,22/4/05,On Hold,2,4,2005,Vintage Cars,170,S18_1749,The Sharp Gifts Warehouse,4085553659,3086 Ingle Ln.,NULL,San Jose,CA,94217,USA,NA,Frick,Sue,Large
10420,37,100,5,5283.600098,29/5/05,In Process,2,5,2005,Vintage Cars,170,S18_1749,Souveniers And Things Co.,+61 2 9495 8555,"Monitor Money Building, 815 Pacific Hwy",Level 6,Chatswood,NSW,2067,Australia,APAC,Huxley,Adrian,Medium
10108,38,82.38999939,2,3130.820068,3/3/2003,Shipped,1,3,2003,Classic Cars,77,S18_1889,Cruz & Sons Co.,+63 2 555 3587,15 McCallum Street - NatWest Center #13-03,NULL,Makati City,NULL,1227 MM,Philippines,Japan,Cruz,Arnold,Medium
10122,43,72.37999725,6,3112.340088,8/5/2003,Shipped,2,5,2003,Classic Cars,77,S18_1889,Marseille Mini Autos,91.24.4555,"12, rue des Bouchers",NULL,Marseille,NULL,13008,France,EMEA,Lebihan,Laurence,Medium
10135,48,79.30999756,3,3806.879883,2/7/2003,Shipped,3,7,2003,Classic Cars,77,S18_1889,Mini Gifts Distributors Ltd.,4155551450,5677 Strong St.,NULL,San Rafael,CA,97562,USA,NA,Nelson,Valarie,Medium
10147,26,82.38999939,3,2142.139893,5/9/2003,Shipped,3,9,2003,Classic Cars,77,S18_1889,Collectables For Less Inc.,6175558555,7825 Douglas Av.,NULL,Brickhaven,MA,58339,USA,NA,Nelson,Allen,Small
10160,38,88.55000305,4,3364.899902,11/10/2003,Shipped,4,10,2003,Classic Cars,77,S18_1889,"Men 'R' US Retailers, Ltd.",2155554369,6047 Douglas Av.,NULL,Los Angeles,CA,NULL,USA,NA,Chandler,Michael,Medium
10170,20,63.13999939,2,1262.800049,4/11/2003,Shipped,4,11,2003,Classic Cars,77,S18_1889,Mini Auto Werke,7675-3555,Kirchgasse 6,NULL,Graz,NULL,8010,Austria,EMEA,Mendel,Roland,Small
10181,22,73.91999817,10,1626.23999,12/11/2003,Shipped,4,11,2003,Classic Cars,77,S18_1889,Herkku Gifts,+47 2267 3215,"Drammen 121, PR 744 Sentrum",NULL,Bergen,NULL,N 5804,Norway,EMEA,Oeztan,Veysel,Small
10192,45,90.86000061,15,4088.699951,20/11/03,Shipped,4,11,2003,Classic Cars,77,S18_1889,Online Diecast Creations Co.,6035558647,2304 Long Airport Avenue,NULL,Nashua,NH,62005,USA,NA,Young,Valarie,Medium
10203,45,85.47000122,4,3846.149902,2/12/2003,Shipped,4,12,2003,Classic Cars,77,S18_1889,Euro Shopping Channel,(91) 555 94 44,"C/ Moralzarzal, 86",NULL,Madrid,NULL,28034,Spain,EMEA,Freyre,Diego,Medium
10212,20,66.98999786,14,1339.800049,16/1/04,Shipped,1,1,2004,Classic Cars,77,S18_1889,Euro Shopping Channel,(91) 555 94 44,"C/ Moralzarzal, 86",NULL,Madrid,NULL,28034,Spain,EMEA,Freyre,Diego,Small
10225,47,64.68000031,5,3039.959961,22/2/04,Shipped,1,2,2004,Classic Cars,77,S18_1889,"Vida Sport, Ltd",0897-034555,Grenzacherweg 237,NULL,Gensve,NULL,1203,Switzerland,EMEA,Holz,Michael,Medium
10239,46,73.91999817,4,3400.320068,12/4/2004,Shipped,2,4,2004,Classic Cars,77,S18_1889,"Oulu Toy Supplies, Inc.",981-443655,Torikatu 38,NULL,Oulu,NULL,90110,Finland,EMEA,Koskitalo,Pirkko,Medium
10253,23,83.93000031,9,1930.390015,1/6/2004,Cancelled,2,6,2004,Classic Cars,77,S18_1889,"UK Collectables, Ltd.",(171) 555-2282,Berkeley Gardens 12  Brewery,NULL,Liverpool,NULL,WX1 6LT,UK,EMEA,Devon,Elizabeth,Small
10266,33,74.69000244,10,2464.77002,6/7/2004,Shipped,3,7,2004,Classic Cars,77,S18_1889,L'ordine Souveniers,0522-556555,Strada Provinciale 124,NULL,Reggio Emilia,NULL,42100,Italy,EMEA,Moroni,Maurizio,Small
10278,29,90.86000061,10,2634.939941,6/8/2004,Shipped,3,8,2004,Classic Cars,77,S18_1889,Signal Gift Stores,7025551838,8489 Strong St.,NULL,Las Vegas,NV,83030,USA,NA,King,Sue,Small
10287,44,82.38999939,8,3625.159912,30/8/04,Shipped,3,8,2004,Classic Cars,77,S18_1889,"Vida Sport, Ltd",0897-034555,Grenzacherweg 237,NULL,Gensve,NULL,1203,Switzerland,EMEA,Holz,Michael,Medium
10300,41,92.40000153,1,3788.399902,4/10/2003,Shipped,4,10,2003,Classic Cars,77,S18_1889,"Blauer See Auto, Co.",+49 69 66 90 2555,Lyonerstr. 34,NULL,Frankfurt,NULL,60528,Germany,EMEA,Keitel,Roland,Medium
10310,20,91.62999725,6,1832.599976,16/10/04,Shipped,4,10,2004,Classic Cars,77,S18_1889,"Toms Spezialitten, Ltd",0221-5554327,Mehrheimerstr. 369,NULL,Koln,NULL,50739,Germany,EMEA,Pfalzheim,Henriette,Small
10321,37,78.54000092,14,2905.97998,4/11/2004,Shipped,4,11,2004,Classic Cars,77,S18_1889,FunGiftIdeas.com,5085552555,1785 First Street,NULL,New Bedford,MA,50553,USA,NA,Benitez,Violeta,Small
10329,29,100,9,2954.810059,15/11/04,Shipped,4,11,2004,Classic Cars,77,S18_1889,Land of Toys Inc.,2125557818,897 Long Airport Avenue,NULL,NYC,NY,10022,USA,NA,Yu,Kwai,Small
10342,55,65.44999695,1,3599.75,24/11/04,Shipped,4,11,2004,Classic Cars,77,S18_1889,"Australian Collectors, Co.",03 9520 4555,636 St Kilda Road,Level 3,Melbourne,Victoria,3004,Australia,APAC,Ferguson,Peter,Medium
10363,22,100,7,3686.540039,6/1/2005,Shipped,1,1,2005,Classic Cars,77,S18_1889,Suominen Souveniers,+358 9 8045 555,"Software Engineering Center, SEC Oy",NULL,Espoo,NULL,FIN-02271,Finland,EMEA,Suominen,Kalle,Medium
10377,31,67.76000214,4,2100.560059,9/2/2005,Shipped,1,2,2005,Classic Cars,77,S18_1889,"Toys of Finland, Co.",90-224 8555,Keskuskatu 45,NULL,Helsinki,NULL,21240,Finland,EMEA,Karttunen,Matti,Small
10389,49,79.22000122,3,3881.780029,3/3/2005,Shipped,1,3,2005,Classic Cars,77,S18_1889,Scandinavian Gift Ideas,0695-34 6555,?kergatan 24,NULL,Boras,NULL,S-844 67,Sweden,EMEA,Larsson,Maria,Medium
10405,61,73.91999817,4,4509.120117,14/4/05,Shipped,2,4,2005,Classic Cars,77,S18_1889,Mini Caravy,88.60.1555,"24, place Kluber",NULL,Strasbourg,NULL,67000,France,EMEA,Citeaux,Frederique,Medium
10419,39,83.93000031,9,3273.27002,17/5/05,Shipped,2,5,2005,Classic Cars,77,S18_1889,Salzburg Collectables,6562-9555,Geislweg 14,NULL,Salzburg,NULL,5020,Austria,EMEA,Pipps,Georg,Medium
10109,38,100,3,4432.700195,10/3/2003,Shipped,1,3,2003,Classic Cars,142,S18_1984,Motor Mint Distributors Inc.,2155559857,11328 Douglas Av.,NULL,Philadelphia,PA,71270,USA,NA,Hernandez,Rosa,Medium
10122,31,100,1,4100.990234,8/5/2003,Shipped,2,5,2003,Classic Cars,142,S18_1984,Marseille Mini Autos,91.24.4555,"12, rue des Bouchers",NULL,Marseille,NULL,13008,France,EMEA,Lebihan,Laurence,Medium
10136,36,100,1,5274.720215,4/7/2003,Shipped,3,7,2003,Classic Cars,142,S18_1984,Alpha Cognac,61.77.6555,1 rue Alsace-Lorraine,NULL,Toulouse,NULL,31000,France,EMEA,Roulet,Annette,Medium
10148,25,100,12,4232,11/9/2003,Shipped,3,9,2003,Classic Cars,142,S18_1984,"Anna's Decorations, Ltd",02 9936 8555,201 Miller Street,Level 15,North Sydney,NSW,2060,Australia,APAC,O'Hara,Anna,Medium
10161,48,100,11,6145.439941,17/10/03,Shipped,4,10,2003,Classic Cars,142,S18_1984,Heintze Collectables,86 21 3555,Smagsloget 45,NULL,Aaarhus,NULL,8200,Denmark,EMEA,Ibsen,Palle,Medium
10171,35,100,1,4680.200195,5/11/2003,Shipped,4,11,2003,Classic Cars,142,S18_1984,Quebec Home Shopping Network,(514) 555-8054,43 rue St. Laurent,NULL,Montreal,Quebec,H1J 1C3,Canada,NA,Fresnisre,Jean,Medium
10181,21,100,5,3286.080078,12/11/2003,Shipped,4,11,2003,Classic Cars,142,S18_1984,Herkku Gifts,+47 2267 3215,"Drammen 121, PR 744 Sentrum",NULL,Bergen,NULL,N 5804,Norway,EMEA,Oeztan,Veysel,Medium
10192,47,100,10,7421.299805,20/11/03,Shipped,4,11,2003,Classic Cars,142,S18_1984,Online Diecast Creations Co.,6035558647,2304 Long Airport Avenue,NULL,Nashua,NH,62005,USA,NA,Young,Valarie,Large
10204,38,100,16,6432.640137,2/12/2003,Shipped,4,12,2003,Classic Cars,142,S18_1984,Muscle Machine Inc,2125557413,4092 Furth Circle,Suite 400,NYC,NY,10022,USA,NA,Young,Jeff,Medium
10212,41,100,9,4840.870117,16/1/04,Shipped,1,1,2004,Classic Cars,142,S18_1984,Euro Shopping Channel,(91) 555 94 44,"C/ Moralzarzal, 86",NULL,Madrid,NULL,28034,Spain,EMEA,Freyre,Diego,Medium
10226,24,100,7,3892.080078,26/2/04,Shipped,1,2,2004,Classic Cars,142,S18_1984,Collectable Mini Designs Co.,7605558146,361 Furth Circle,NULL,San Diego,CA,91217,USA,NA,Thompson,Valarie,Medium
10240,37,100,2,5526.319824,13/4/04,Shipped,2,4,2004,Classic Cars,142,S18_1984,Osaka Souveniers Co.,+81 06 6342 5555,"Dojima Avanza 4F, 1-6-20 Dojima, Kita-ku",NULL,Osaka,Osaka,530-0003,Japan,Japan,Kentary,Mory,Medium
10253,33,100,4,4459.620117,1/6/2004,Cancelled,2,6,2004,Classic Cars,142,S18_1984,"UK Collectables, Ltd.",(171) 555-2282,Berkeley Gardens 12  Brewery,NULL,Liverpool,NULL,WX1 6LT,UK,EMEA,Devon,Elizabeth,Medium
10266,49,100,5,6203.399902,6/7/2004,Shipped,3,7,2004,Classic Cars,142,S18_1984,L'ordine Souveniers,0522-556555,Strada Provinciale 124,NULL,Reggio Emilia,NULL,42100,Italy,EMEA,Moroni,Maurizio,Medium
10278,29,100,5,3754.050049,6/8/2004,Shipped,3,8,2004,Classic Cars,142,S18_1984,Signal Gift Stores,7025551838,8489 Strong St.,NULL,Las Vegas,NV,83030,USA,NA,King,Sue,Medium
10287,24,100,3,3516.47998,30/8/04,Shipped,3,8,2004,Classic Cars,142,S18_1984,"Vida Sport, Ltd",0897-034555,Grenzacherweg 237,NULL,Gensve,NULL,1203,Switzerland,EMEA,Holz,Michael,Medium
10301,47,100,7,7488.040039,5/10/2003,Shipped,4,10,2003,Classic Cars,142,S18_1984,"Norway Gifts By Mail, Co.",+47 2212 1555,"Drammensveien 126 A, PB 744 Sentrum",NULL,Oslo,NULL,N 0106,Norway,EMEA,Klaeboe,Jan,Large
10310,24,100,1,3448.080078,16/10/04,Shipped,4,10,2004,Classic Cars,142,S18_1984,"Toms Spezialitten, Ltd",0221-5554327,Mehrheimerstr. 369,NULL,Koln,NULL,50739,Germany,EMEA,Pfalzheim,Henriette,Medium
10321,25,100,9,3734,4/11/2004,Shipped,4,11,2004,Classic Cars,142,S18_1984,FunGiftIdeas.com,5085552555,1785 First Street,NULL,New Bedford,MA,50553,USA,NA,Benitez,Violeta,Medium
10331,30,32.47000122,8,974.0999756,17/11/04,Shipped,4,11,2004,Classic Cars,142,S18_1984,Motor Mint Distributors Inc.,2155559857,11328 Douglas Av.,NULL,Philadelphia,PA,71270,USA,NA,Hernandez,Rosa,Small
10342,22,100,3,3160.73999,24/11/04,Shipped,4,11,2004,Classic Cars,142,S18_1984,"Australian Collectors, Co.",03 9520 4555,636 St Kilda Road,Level 3,Melbourne,Victoria,3004,Australia,APAC,Ferguson,Peter,Medium
10356,27,64.69000244,2,1746.630005,9/12/2004,Shipped,4,12,2004,Classic Cars,142,S18_1984,Lyon Souveniers,+33 1 46 62 7555,27 rue du Colonel Pierre Avia,NULL,Paris,NULL,75508,France,EMEA,Da Cunha,Daniel,Small
10366,34,100,3,4207.839844,10/1/2005,Shipped,1,1,2005,Classic Cars,142,S18_1984,Royale Belge,(071) 23 67 2555,"Boulevard Tirou, 255",NULL,Charleroi,NULL,B-6000,Belgium,EMEA,Cartrain,Pascale,Medium
10377,36,100,6,4352.759766,9/2/2005,Shipped,1,2,2005,Classic Cars,142,S18_1984,"Toys of Finland, Co.",90-224 8555,Keskuskatu 45,NULL,Helsinki,NULL,21240,Finland,EMEA,Karttunen,Matti,Medium
10390,34,43.04999924,15,1463.699951,4/3/2005,Shipped,1,3,2005,Classic Cars,142,S18_1984,Mini Gifts Distributors Ltd.,4155551450,5677 Strong St.,NULL,San Rafael,CA,97562,USA,NA,Nelson,Valarie,Small
10406,48,100,2,7169.279785,15/4/05,Disputed,2,4,2005,Classic Cars,142,S18_1984,Danish Wholesale Imports,31 12 3555,Vinb'ltet 34,NULL,Kobenhavn,NULL,1734,Denmark,EMEA,Petersen,Jytte,Large
10419,34,100,4,4594.759766,17/5/05,Shipped,2,5,2005,Classic Cars,142,S18_1984,Salzburg Collectables,6562-9555,Geislweg 14,NULL,Salzburg,NULL,5020,Austria,EMEA,Pipps,Georg,Medium
10104,24,100,8,3457.919922,31/1/03,Shipped,1,1,2003,Classic Cars,163,S18_2238,Euro Shopping Channel,(91) 555 94 44,"C/ Moralzarzal, 86",NULL,Madrid,NULL,28034,Spain,EMEA,Freyre,Diego,Medium
10115,46,100,4,7381.160156,4/4/2003,Shipped,2,4,2003,Classic Cars,163,S18_2238,Classic Legends Inc.,2125558493,5905 Pompton St.,Suite 750,NYC,NY,10022,USA,NA,Hernandez,Maria,Large
10127,45,100,10,7146.899902,3/6/2003,Shipped,2,6,2003,Classic Cars,163,S18_2238,Muscle Machine Inc,2125557413,4092 Furth Circle,Suite 400,NYC,NY,10022,USA,NA,Young,Jeff,Large
10141,39,100,4,5938.529785,1/8/2003,Shipped,3,8,2003,Classic Cars,163,S18_2238,Suominen Souveniers,+358 9 8045 555,"Software Engineering Center, SEC Oy",NULL,Espoo,NULL,FIN-02271,Finland,EMEA,Suominen,Kalle,Medium
10151,43,100,2,7110.910156,21/9/03,Shipped,3,9,2003,Classic Cars,163,S18_2238,"Oulu Toy Supplies, Inc.",981-443655,Torikatu 38,NULL,Oulu,NULL,90110,Finland,EMEA,Koskitalo,Pirkko,Large
10165,29,100,11,5032.950195,22/10/03,Shipped,4,10,2003,Classic Cars,163,S18_2238,"Dragon Souveniers, Ltd.",+65 221 7555,"Bronz Sok., Bronz Apt. 3/6 Tesvikiye",NULL,Singapore,NULL,79903,Singapore,Japan,Natividad,Eric,Medium
10176,20,100,10,3667.600098,6/11/2003,Shipped,4,11,2003,Classic Cars,163,S18_2238,L'ordine Souveniers,0522-556555,Strada Provinciale 124,NULL,Reggio Emilia,NULL,42100,Italy,EMEA,Moroni,Maurizio,Medium
10184,46,100,5,7381.160156,14/11/03,Shipped,4,11,2003,Classic Cars,163,S18_2238,"Iberia Gift Imports, Corp.",(95) 555 82 82,"C/ Romero, 33",NULL,Sevilla,NULL,41101,Spain,EMEA,Roel,Jose Pedro,Large
10195,27,100,5,5128.109863,25/11/03,Shipped,4,11,2003,Classic Cars,163,S18_2238,Mini Classics,9145554562,3758 North Pendale Street,NULL,White Plains,NY,24067,USA,NA,Frick,Steve,Medium
10207,44,100,6,7060.240234,9/12/2003,Shipped,4,12,2003,Classic Cars,163,S18_2238,Diecast Collectables,6175552555,6251 Ingle Ln.,NULL,Boston,MA,51003,USA,NA,Franco,Valarie,Large
10219,43,100,1,8448.639648,10/2/2004,Shipped,1,2,2004,Classic Cars,163,S18_2238,Signal Collectibles Ltd.,4155554312,2793 Furth Circle,NULL,Brisbane,CA,94217,USA,NA,Taylor,Sue,Large
10230,49,100,8,7300.509766,15/3/04,Shipped,1,3,2004,Classic Cars,163,S18_2238,"Blauer See Auto, Co.",+49 69 66 90 2555,Lyonerstr. 34,NULL,Frankfurt,NULL,60528,Germany,EMEA,Keitel,Roland,Large
10246,40,100,4,6549.200195,5/5/2004,Shipped,2,5,2004,Classic Cars,163,S18_2238,Euro Shopping Channel,(91) 555 94 44,"C/ Moralzarzal, 86",NULL,Madrid,NULL,28034,Spain,EMEA,Freyre,Diego,Medium
10259,30,100,3,5697.899902,15/6/04,Shipped,2,6,2004,Classic Cars,163,S18_2238,Handji Gifts& Co,+65 224 1555,Village Close - 106 Linden Road Sandown,2nd Floor,Singapore,NULL,69045,Singapore,APAC,Victorino,Wendy,Medium
10271,50,100,4,9169,20/7/04,Shipped,3,7,2004,Classic Cars,163,S18_2238,Mini Gifts Distributors Ltd.,4155551450,5677 Strong St.,NULL,San Rafael,CA,97562,USA,NA,Nelson,Valarie,Large
10282,23,100,13,3238.629883,20/8/04,Shipped,3,8,2004,Classic Cars,163,S18_2238,Mini Gifts Distributors Ltd.,4155551450,5677 Strong St.,NULL,San Rafael,CA,97562,USA,NA,Nelson,Valarie,Medium
10292,26,100,7,4554.939941,8/9/2004,Shipped,3,9,2004,Classic Cars,163,S18_2238,Land of Toys Inc.,2125557818,897 Long Airport Avenue,NULL,NYC,NY,10022,USA,NA,Yu,Kwai,Medium
10305,27,100,4,3934.439941,13/10/04,Shipped,4,10,2004,Classic Cars,163,S18_2238,Marta's Replicas Co.,6175558555,39323 Spinnaker Dr.,NULL,Cambridge,MA,51247,USA,NA,Hernandez,Marta,Medium
10314,42,100,13,5776.259766,22/10/04,Shipped,4,10,2004,Classic Cars,163,S18_2238,Heintze Collectables,86 21 3555,Smagsloget 45,NULL,Aaarhus,NULL,8200,Denmark,EMEA,Ibsen,Palle,Medium
10324,47,100,8,7207.450195,5/11/2004,Shipped,4,11,2004,Classic Cars,163,S18_2238,Vitachrome Inc.,2125551500,2678 Kingston Rd.,Suite 101,NYC,NY,10022,USA,NA,Frick,Michael,Large
10336,49,100,6,7460.740234,20/11/04,Shipped,4,11,2004,Classic Cars,163,S18_2238,"La Corne D'abondance, Co.",(1) 42.34.2555,"265, boulevard Charonne",NULL,Paris,NULL,75012,France,EMEA,Bertrand,Marie,Large
10349,38,100,8,6719.540039,1/12/2004,Shipped,4,12,2004,Classic Cars,163,S18_2238,Muscle Machine Inc,2125557413,4092 Furth Circle,Suite 400,NYC,NY,10022,USA,NA,Young,Jeff,Medium
10358,20,100,10,2428,10/12/2004,Shipped,4,12,2004,Classic Cars,163,S18_2238,Euro Shopping Channel,(91) 555 94 44,"C/ Moralzarzal, 86",NULL,Madrid,NULL,28034,Spain,EMEA,Freyre,Diego,Small
10371,25,100,7,2602.25,23/1/05,Shipped,1,1,2005,Classic Cars,163,S18_2238,Mini Gifts Distributors Ltd.,4155551450,5677 Strong St.,NULL,San Rafael,CA,97562,USA,NA,Nelson,Valarie,Small
10382,25,88,5,2200,17/2/05,Shipped,1,2,2005,Classic Cars,163,S18_2238,Mini Gifts Distributors Ltd.,4155551450,5677 Strong St.,NULL,San Rafael,CA,97562,USA,NA,Nelson,Valarie,Small
10412,41,100,4,6712.930176,3/5/2005,Shipped,2,5,2005,Classic Cars,163,S18_2238,Euro Shopping Channel,(91) 555 94 44,"C/ Moralzarzal, 86",NULL,Madrid,NULL,28034,Spain,EMEA,Freyre,Diego,Medium
10425,28,100,3,5318.040039,31/5/05,In Process,2,5,2005,Classic Cars,163,S18_2238,La Rochelle Gifts,40.67.8555,"67, rue des Cinquante Otages",NULL,Nantes,NULL,44000,France,EMEA,Labrune,Janine,Medium
10100,50,67.80000305,2,3390,6/1/2003,Shipped,1,1,2003,Vintage Cars,60,S18_2248,Online Diecast Creations Co.,6035558647,2304 Long Airport Avenue,NULL,Nashua,NH,62005,USA,NA,Young,Valarie,Medium
10110,32,50.25,6,1608,18/3/03,Shipped,1,3,2003,Vintage Cars,60,S18_2248,"AV Stores, Co.",(171) 555-1555,Fauntleroy Circus,NULL,Manchester,NULL,EC2 5NT,UK,EMEA,Ashworth,Victoria,Small
10124,42,53.88000107,5,2262.959961,21/5/03,Shipped,2,5,2003,Vintage Cars,60,S18_2248,Signal Gift Stores,7025551838,8489 Strong St.,NULL,Las Vegas,NV,83030,USA,NA,King,Sue,Small
10149,24,62.36000061,10,1496.640015,12/9/2003,Shipped,3,9,2003,Vintage Cars,60,S18_2248,Signal Collectibles Ltd.,4155554312,2793 Furth Circle,NULL,Brisbane,CA,94217,USA,NA,Taylor,Sue,Small
10162,27,69.62000275,8,1879.73999,18/10/03,Shipped,4,10,2003,Vintage Cars,60,S18_2248,Corporate Gift Ideas Co.,6505551386,7734 Strong St.,NULL,San Francisco,CA,NULL,USA,NA,Brown,Julie,Small
10173,26,57.50999832,12,1495.26001,5/11/2003,Shipped,4,11,2003,Vintage Cars,60,S18_2248,Rovelli Gifts,035-640555,Via Ludovico il Moro 22,NULL,Bergamo,NULL,24100,Italy,EMEA,Rovelli,Giovanni,Small
10182,38,61.15000153,9,2323.699951,12/11/2003,Shipped,4,11,2003,Vintage Cars,60,S18_2248,Mini Gifts Distributors Ltd.,4155551450,5677 Strong St.,NULL,San Rafael,CA,97562,USA,NA,Nelson,Valarie,Small
10193,42,59.33000183,13,2491.860107,21/11/03,Shipped,4,11,2003,Vintage Cars,60,S18_2248,"Australian Collectables, Ltd",61-9-3844-6555,7 Allen Street,NULL,Glen Waverly,Victoria,3150,Australia,APAC,Connery,Sean,Small
10204,23,71.44000244,3,1643.119995,2/12/2003,Shipped,4,12,2003,Vintage Cars,60,S18_2248,Muscle Machine Inc,2125557413,4092 Furth Circle,Suite 400,NYC,NY,10022,USA,NA,Young,Jeff,Small
10214,21,62.95999908,6,1322.160034,26/1/04,Shipped,1,1,2004,Vintage Cars,60,S18_2248,"Corrida Auto Replicas, Ltd",(91) 555 22 82,"C/ Araquil, 67",NULL,Madrid,NULL,28023,Spain,EMEA,Sommer,Mart n,Small
10227,28,50.84999847,9,1423.800049,2/3/2004,Shipped,1,3,2004,Vintage Cars,60,S18_2248,"Saveley & Henriot, Co.",78.32.5555,"2, rue du Commerce",NULL,Lyon,NULL,69004,France,EMEA,Saveley,Mary,Small
10241,33,72.65000153,1,2397.449951,13/4/04,Shipped,2,4,2004,Vintage Cars,60,S18_2248,Mini Caravy,88.60.1555,"24, place Kluber",NULL,Strasbourg,NULL,67000,France,EMEA,Citeaux,Frederique,Small
10280,25,62.95999908,15,1574,17/8/04,Shipped,3,8,2004,Vintage Cars,60,S18_2248,Amica Models & Co.,011-4988555,Via Monte Bianco 34,NULL,Torino,NULL,10100,Italy,EMEA,Accorti,Paolo,Small
10288,28,61.75,4,1729,1/9/2004,Shipped,3,9,2004,Vintage Cars,60,S18_2248,Handji Gifts& Co,+65 224 1555,Village Close - 106 Linden Road Sandown,2nd Floor,Singapore,NULL,69045,Singapore,APAC,Victorino,Wendy,Small
10303,46,49.04000092,2,2255.840088,6/10/2004,Shipped,4,10,2004,Vintage Cars,60,S18_2248,"Iberia Gift Imports, Corp.",(95) 555 82 82,"C/ Romero, 33",NULL,Sevilla,NULL,41101,Spain,EMEA,Roel,Jose Pedro,Small
10312,30,61.15000153,16,1834.5,21/10/04,Shipped,4,10,2004,Vintage Cars,60,S18_2248,Mini Gifts Distributors Ltd.,4155551450,5677 Strong St.,NULL,San Rafael,CA,97562,USA,NA,Nelson,Valarie,Small
10332,38,84.25,9,3201.5,17/11/04,Shipped,4,11,2004,Vintage Cars,60,S18_2248,"AV Stores, Co.",(171) 555-1555,Fauntleroy Circus,NULL,Manchester,NULL,EC2 5NT,UK,EMEA,Ashworth,Victoria,Medium
10344,40,56.90999985,2,2276.399902,25/11/04,Shipped,4,11,2004,Vintage Cars,60,S18_2248,Marseille Mini Autos,91.24.4555,"12, rue des Bouchers",NULL,Marseille,NULL,13008,France,EMEA,Lebihan,Laurence,Small
10367,45,100,4,8884.799805,12/1/2005,Resolved,1,1,2005,Vintage Cars,60,S18_2248,Toys4GrownUps.com,6265557265,78934 Hillside Dr.,NULL,Pasadena,CA,90003,USA,NA,Young,Julie,Large
10379,27,49.29999924,1,1331.099976,10/2/2005,Shipped,1,2,2005,Vintage Cars,60,S18_2248,Euro Shopping Channel,(91) 555 94 44,"C/ Moralzarzal, 86",NULL,Madrid,NULL,28034,Spain,EMEA,Freyre,Diego,Small
10407,42,72.65000153,1,3051.300049,22/4/05,On Hold,2,4,2005,Vintage Cars,60,S18_2248,The Sharp Gifts Warehouse,4085553659,3086 Ingle Ln.,NULL,San Jose,CA,94217,USA,NA,Frick,Sue,Medium
10420,36,63.56999969,4,2288.52002,29/5/05,In Process,2,5,2005,Vintage Cars,60,S18_2248,Souveniers And Things Co.,+61 2 9495 8555,"Monitor Money Building, 815 Pacific Hwy",Level 6,Chatswood,NSW,2067,Australia,APAC,Huxley,Adrian,Small
10104,29,100,12,3772.610107,31/1/03,Shipped,1,1,2003,Trucks and Buses,122,S18_2319,Euro Shopping Channel,(91) 555 94 44,"C/ Moralzarzal, 86",NULL,Madrid,NULL,28034,Spain,EMEA,Freyre,Diego,Medium
10114,39,100,3,4164.419922,1/4/2003,Shipped,2,4,2003,Trucks and Buses,122,S18_2319,"La Corne D'abondance, Co.",(1) 42.34.2555,"265, boulevard Charonne",NULL,Paris,NULL,75012,France,EMEA,Bertrand,Marie,Medium
10127,45,100,14,6295.950195,3/6/2003,Shipped,2,6,2003,Trucks and Buses,122,S18_2319,Muscle Machine Inc,2125557413,4092 Furth Circle,Suite 400,NYC,NY,10022,USA,NA,Young,Jeff,Medium
10141,47,100,8,6287.660156,1/8/2003,Shipped,3,8,2003,Trucks and Buses,122,S18_2319,Suominen Souveniers,+358 9 8045 555,"Software Engineering Center, SEC Oy",NULL,Espoo,NULL,FIN-02271,Finland,EMEA,Suominen,Kalle,Medium
10151,49,100,6,5412.540039,21/9/03,Shipped,3,9,2003,Trucks and Buses,122,S18_2319,"Oulu Toy Supplies, Inc.",981-443655,Torikatu 38,NULL,Oulu,NULL,90110,Finland,EMEA,Koskitalo,Pirkko,Medium
10165,46,100,15,5984.140137,22/10/03,Shipped,4,10,2003,Trucks and Buses,122,S18_2319,"Dragon Souveniers, Ltd.",+65 221 7555,"Bronz Sok., Bronz Apt. 3/6 Tesvikiye",NULL,Singapore,NULL,79903,Singapore,Japan,Natividad,Eric,Medium
10175,48,100,4,5891.040039,6/11/2003,Shipped,4,11,2003,Trucks and Buses,122,S18_2319,"Stylish Desk Decors, Co.",(171) 555-0297,35 King George,NULL,London,NULL,WX3 6FW,UK,EMEA,Brown,Ann,Medium
10184,46,100,9,5984.140137,14/11/03,Shipped,4,11,2003,Trucks and Buses,122,S18_2319,"Iberia Gift Imports, Corp.",(95) 555 82 82,"C/ Romero, 33",NULL,Sevilla,NULL,41101,Spain,EMEA,Roel,Jose Pedro,Medium
10195,35,100,9,3608.149902,25/11/03,Shipped,4,11,2003,Trucks and Buses,122,S18_2319,Mini Classics,9145554562,3758 North Pendale Street,NULL,White Plains,NY,24067,USA,NA,Frick,Steve,Medium
10207,43,100,10,5752.540039,9/12/2003,Shipped,4,12,2003,Trucks and Buses,122,S18_2319,Diecast Collectables,6175552555,6251 Ingle Ln.,NULL,Boston,MA,51003,USA,NA,Franco,Valarie,Medium
10229,26,100,4,3765.320068,11/3/2004,Shipped,1,3,2004,Trucks and Buses,122,S18_2319,Mini Gifts Distributors Ltd.,4155551450,5677 Strong St.,NULL,San Rafael,CA,97562,USA,NA,Nelson,Valarie,Medium
10246,22,98.18000031,8,2159.959961,5/5/2004,Shipped,2,5,2004,Trucks and Buses,122,S18_2319,Euro Shopping Channel,(91) 555 94 44,"C/ Moralzarzal, 86",NULL,Madrid,NULL,28034,Spain,EMEA,Freyre,Diego,Small
10259,34,99.41000366,7,3379.939941,15/6/04,Shipped,2,6,2004,Trucks and Buses,122,S18_2319,Handji Gifts& Co,+65 224 1555,Village Close - 106 Linden Road Sandown,2nd Floor,Singapore,NULL,69045,Singapore,APAC,Victorino,Wendy,Medium
10271,50,100,8,5093.5,20/7/04,Shipped,3,7,2004,Trucks and Buses,122,S18_2319,Mini Gifts Distributors Ltd.,4155551450,5677 Strong St.,NULL,San Rafael,CA,97562,USA,NA,Nelson,Valarie,Medium
10281,48,100,4,5773.439941,19/8/04,Shipped,3,8,2004,Trucks and Buses,122,S18_2319,Diecast Classics Inc.,2155551555,7586 Pompton St.,NULL,Allentown,PA,70267,USA,NA,Yu,Kyung,Medium
10292,41,100,11,4528.859863,8/9/2004,Shipped,3,9,2004,Trucks and Buses,122,S18_2319,Land of Toys Inc.,2125557818,897 Long Airport Avenue,NULL,NYC,NY,10022,USA,NA,Yu,Kwai,Medium
10305,36,100,8,4816.080078,13/10/04,Shipped,4,10,2004,Trucks and Buses,122,S18_2319,Marta's Replicas Co.,6175558555,39323 Spinnaker Dr.,NULL,Cambridge,MA,51247,USA,NA,Hernandez,Marta,Medium
10313,29,100,2,3416.780029,22/10/04,Shipped,4,10,2004,Trucks and Buses,122,S18_2319,Canadian Gift Exchange Network,(604) 555-3392,1900 Oak St.,NULL,Vancouver,BC,V3F 2K1,Canada,NA,Tannamuri,Yoshi,Medium
10324,33,37.47999954,10,1236.839966,5/11/2004,Shipped,4,11,2004,Trucks and Buses,122,S18_2319,Vitachrome Inc.,2125551500,2678 Kingston Rd.,Suite 101,NYC,NY,10022,USA,NA,Frick,Michael,Small
10334,46,100,6,5814.859863,19/11/04,On Hold,4,11,2004,Trucks and Buses,122,S18_2319,"Volvo Model Replicas, Co",0921-12 3555,Berguvsv gen  8,NULL,Lule,NULL,S-958 22,Sweden,EMEA,Berglund,Christina,Medium
10349,38,100,7,5223.47998,1/12/2004,Shipped,4,12,2004,Trucks and Buses,122,S18_2319,Muscle Machine Inc,2125557413,4092 Furth Circle,Suite 400,NYC,NY,10022,USA,NA,Young,Jeff,Medium
10358,20,36.41999817,11,728.4000244,10/12/2004,Shipped,4,12,2004,Trucks and Buses,122,S18_2319,Euro Shopping Channel,(91) 555 94 44,"C/ Moralzarzal, 86",NULL,Madrid,NULL,28034,Spain,EMEA,Freyre,Diego,Small
10370,22,100,5,3949,20/1/05,Shipped,1,1,2005,Trucks and Buses,122,S18_2319,"Anna's Decorations, Ltd",02 9936 8555,201 Miller Street,Level 15,North Sydney,NSW,2060,Australia,APAC,O'Hara,Anna,Medium
10383,27,100,11,3843.98999,22/2/05,Shipped,1,2,2005,Trucks and Buses,122,S18_2319,Euro Shopping Channel,(91) 555 94 44,"C/ Moralzarzal, 86",NULL,Madrid,NULL,28034,Spain,EMEA,Freyre,Diego,Medium
10412,56,98.18000031,8,5498.080078,3/5/2005,Shipped,2,5,2005,Trucks and Buses,122,S18_2319,Euro Shopping Channel,(91) 555 94 44,"C/ Moralzarzal, 86",NULL,Madrid,NULL,28034,Spain,EMEA,Freyre,Diego,Medium
10425,38,99.41000366,7,3777.580078,31/5/05,In Process,2,5,2005,Trucks and Buses,122,S18_2319,La Rochelle Gifts,40.67.8555,"67, rue des Cinquante Otages",NULL,Nantes,NULL,44000,France,EMEA,Labrune,Janine,Medium
10101,25,100,4,3782,9/1/2003,Shipped,1,1,2003,Vintage Cars,127,S18_2325,"Blauer See Auto, Co.",+49 69 66 90 2555,Lyonerstr. 34,NULL,Frankfurt,NULL,60528,Germany,EMEA,Keitel,Roland,Medium
10110,33,100,4,3859.679932,18/3/03,Shipped,1,3,2003,Vintage Cars,127,S18_2325,"AV Stores, Co.",(171) 555-1555,Fauntleroy Circus,NULL,Manchester,NULL,EC2 5NT,UK,EMEA,Ashworth,Victoria,Medium
10124,42,100,3,4431.839844,21/5/03,Shipped,2,5,2003,Vintage Cars,127,S18_2325,Signal Gift Stores,7025551838,8489 Strong St.,NULL,Las Vegas,NV,83030,USA,NA,King,Sue,Medium
10149,33,100,8,4950.330078,12/9/2003,Shipped,3,9,2003,Vintage Cars,127,S18_2325,Signal Collectibles Ltd.,4155554312,2793 Furth Circle,NULL,Brisbane,CA,94217,USA,NA,Taylor,Sue,Medium
10162,38,100,6,4299.700195,18/10/03,Shipped,4,10,2003,Vintage Cars,127,S18_2325,Corporate Gift Ideas Co.,6505551386,7734 Strong St.,NULL,San Francisco,CA,NULL,USA,NA,Brown,Julie,Medium
10173,31,100,10,4492.830078,5/11/2003,Shipped,4,11,2003,Vintage Cars,127,S18_2325,Rovelli Gifts,035-640555,Via Ludovico il Moro 22,NULL,Bergamo,NULL,24100,Italy,EMEA,Rovelli,Giovanni,Medium
10182,20,100,7,2212,12/11/2003,Shipped,4,11,2003,Vintage Cars,127,S18_2325,Mini Gifts Distributors Ltd.,4155551450,5677 Strong St.,NULL,San Rafael,CA,97562,USA,NA,Nelson,Valarie,Small
10193,44,100,11,4642.879883,21/11/03,Shipped,4,11,2003,Vintage Cars,127,S18_2325,"Australian Collectables, Ltd",61-9-3844-6555,7 Allen Street,NULL,Glen Waverly,Victoria,3150,Australia,APAC,Connery,Sean,Medium
10204,26,100,1,3206.320068,2/12/2003,Shipped,4,12,2003,Vintage Cars,127,S18_2325,Muscle Machine Inc,2125557413,4092 Furth Circle,Suite 400,NYC,NY,10022,USA,NA,Young,Jeff,Medium
10214,27,100,4,3604.22998,26/1/04,Shipped,1,1,2004,Vintage Cars,127,S18_2325,"Corrida Auto Replicas, Ltd",(91) 555 22 82,"C/ Araquil, 67",NULL,Madrid,NULL,28023,Spain,EMEA,Sommer,Mart n,Medium
10227,46,100,7,7017.759766,2/3/2004,Shipped,1,3,2004,Vintage Cars,127,S18_2325,"Saveley & Henriot, Co.",78.32.5555,"2, rue du Commerce",NULL,Lyon,NULL,69004,France,EMEA,Saveley,Mary,Large
10243,47,100,2,6154.180176,26/4/04,Shipped,2,4,2004,Vintage Cars,127,S18_2325,Diecast Collectables,6175552555,6251 Ingle Ln.,NULL,Boston,MA,51003,USA,NA,Franco,Valarie,Medium
10280,37,100,13,4750.799805,17/8/04,Shipped,3,8,2004,Vintage Cars,127,S18_2325,Amica Models & Co.,011-4988555,Via Monte Bianco 34,NULL,Torino,NULL,10100,Italy,EMEA,Accorti,Paolo,Medium
10288,31,100,2,3822.919922,1/9/2004,Shipped,3,9,2004,Vintage Cars,127,S18_2325,Handji Gifts& Co,+65 224 1555,Village Close - 106 Linden Road Sandown,2nd Floor,Singapore,NULL,69045,Singapore,APAC,Victorino,Wendy,Medium
10304,24,100,17,2440.800049,11/10/2004,Shipped,4,10,2004,Vintage Cars,127,S18_2325,Auto Assoc. & Cie.,30.59.8555,"67, avenue de l'Europe",NULL,Versailles,NULL,78000,France,EMEA,Tonini,Daniel,Small
10312,31,100,14,4729.359863,21/10/04,Shipped,4,10,2004,Vintage Cars,127,S18_2325,Mini Gifts Distributors Ltd.,4155551450,5677 Strong St.,NULL,San Rafael,CA,97562,USA,NA,Nelson,Valarie,Medium
10322,50,100,6,12536.5,4/11/2004,Shipped,4,11,2004,Vintage Cars,127,S18_2325,Online Diecast Creations Co.,6035558647,2304 Long Airport Avenue,NULL,Nashua,NH,62005,USA,NA,Young,Valarie,Large
10332,35,64.69000244,8,2264.149902,17/11/04,Shipped,4,11,2004,Vintage Cars,127,S18_2325,"AV Stores, Co.",(171) 555-1555,Fauntleroy Circus,NULL,Manchester,NULL,EC2 5NT,UK,EMEA,Ashworth,Victoria,Small
10344,30,100,3,3928.199951,25/11/04,Shipped,4,11,2004,Vintage Cars,127,S18_2325,Marseille Mini Autos,91.24.4555,"12, rue des Bouchers",NULL,Marseille,NULL,13008,France,EMEA,Lebihan,Laurence,Medium
10356,29,100,3,3630.219971,9/12/2004,Shipped,4,12,2004,Vintage Cars,127,S18_2325,Lyon Souveniers,+33 1 46 62 7555,27 rue du Colonel Pierre Avia,NULL,Paris,NULL,75508,France,EMEA,Da Cunha,Daniel,Medium
10367,27,100,5,4196.069824,12/1/2005,Resolved,1,1,2005,Vintage Cars,127,S18_2325,Toys4GrownUps.com,6265557265,78934 Hillside Dr.,NULL,Pasadena,CA,90003,USA,NA,Young,Julie,Medium
10380,40,100,10,4931.600098,16/2/05,Shipped,1,2,2005,Vintage Cars,127,S18_2325,Euro Shopping Channel,(91) 555 94 44,"C/ Moralzarzal, 86",NULL,Madrid,NULL,28034,Spain,EMEA,Freyre,Diego,Medium
10390,31,98.98999786,16,3068.689941,4/3/2005,Shipped,1,3,2005,Vintage Cars,127,S18_2325,Mini Gifts Distributors Ltd.,4155551450,5677 Strong St.,NULL,San Rafael,CA,97562,USA,NA,Nelson,Valarie,Medium
10409,6,100,2,785.6400146,23/4/05,Shipped,2,4,2005,Vintage Cars,127,S18_2325,Handji Gifts& Co,+65 224 1555,Village Close - 106 Linden Road Sandown,2nd Floor,Singapore,NULL,69045,Singapore,APAC,Victorino,Wendy,Small
10420,45,100,2,4977,29/5/05,In Process,2,5,2005,Vintage Cars,127,S18_2325,Souveniers And Things Co.,+61 2 9495 8555,"Monitor Money Building, 815 Pacific Hwy",Level 6,Chatswood,NSW,2067,Australia,APAC,Huxley,Adrian,Medium
10103,22,54.09000015,2,1189.97998,29/1/03,Shipped,1,1,2003,Trucks and Buses,60,S18_2432,Baane Mini Imports,07-98 9555,Erling Skakkes gate 78,NULL,Stavern,NULL,4110,Norway,EMEA,Bergulfsen,Jonas,Small
10114,45,68.66999817,6,3090.149902,1/4/2003,Shipped,2,4,2003,Trucks and Buses,60,S18_2432,"La Corne D'abondance, Co.",(1) 42.34.2555,"265, boulevard Charonne",NULL,Paris,NULL,75012,France,EMEA,Bertrand,Marie,Medium
10126,43,65.01999664,2,2795.860107,28/5/03,Shipped,2,5,2003,Trucks and Buses,60,S18_2432,"Corrida Auto Replicas, Ltd",(91) 555 22 82,"C/ Araquil, 67",NULL,Madrid,NULL,28023,Spain,EMEA,Sommer,Mart n,Small
10140,46,61.99000168,2,2851.540039,24/7/03,Shipped,3,7,2003,Trucks and Buses,60,S18_2432,Technics Stores Inc.,6505556809,9408 Furth Circle,NULL,Burlingame,CA,94217,USA,NA,Hirano,Juri,Small
10151,39,69.27999878,9,2701.919922,21/9/03,Shipped,3,9,2003,Trucks and Buses,60,S18_2432,"Oulu Toy Supplies, Inc.",981-443655,Torikatu 38,NULL,Oulu,NULL,90110,Finland,EMEA,Koskitalo,Pirkko,Small
10165,31,71.09999847,18,2204.100098,22/10/03,Shipped,4,10,2003,Trucks and Buses,60,S18_2432,"Dragon Souveniers, Ltd.",+65 221 7555,"Bronz Sok., Bronz Apt. 3/6 Tesvikiye",NULL,Singapore,NULL,79903,Singapore,Japan,Natividad,Eric,Small
10175,41,69.27999878,7,2840.47998,6/11/2003,Shipped,4,11,2003,Trucks and Buses,60,S18_2432,"Stylish Desk Decors, Co.",(171) 555-0297,35 King George,NULL,London,NULL,WX3 6FW,UK,EMEA,Brown,Ann,Small
10184,44,60.15999985,12,2647.040039,14/11/03,Shipped,4,11,2003,Trucks and Buses,60,S18_2432,"Iberia Gift Imports, Corp.",(95) 555 82 82,"C/ Romero, 33",NULL,Sevilla,NULL,41101,Spain,EMEA,Roel,Jose Pedro,Small
10194,45,70.48999786,2,3172.050049,25/11/03,Shipped,4,11,2003,Trucks and Buses,60,S18_2432,"Saveley & Henriot, Co.",78.32.5555,"2, rue du Commerce",NULL,Lyon,NULL,69004,France,EMEA,Saveley,Mary,Medium
10207,37,69.88999939,13,2585.929932,9/12/2003,Shipped,4,12,2003,Trucks and Buses,60,S18_2432,Diecast Collectables,6175552555,6251 Ingle Ln.,NULL,Boston,MA,51003,USA,NA,Franco,Valarie,Small
10217,35,61.38000107,2,2148.300049,4/2/2004,Shipped,1,2,2004,Trucks and Buses,60,S18_2432,Handji Gifts& Co,+65 224 1555,Village Close - 106 Linden Road Sandown,2nd Floor,Singapore,NULL,69045,Singapore,APAC,Victorino,Wendy,Small
10229,28,59.54999924,7,1667.400024,11/3/2004,Shipped,1,3,2004,Trucks and Buses,60,S18_2432,Mini Gifts Distributors Ltd.,4155551450,5677 Strong St.,NULL,San Rafael,CA,97562,USA,NA,Nelson,Valarie,Small
10246,30,61.99000168,11,1859.699951,5/5/2004,Shipped,2,5,2004,Trucks and Buses,60,S18_2432,Euro Shopping Channel,(91) 555 94 44,"C/ Moralzarzal, 86",NULL,Madrid,NULL,28034,Spain,EMEA,Freyre,Diego,Small
10259,30,49.22000122,10,1476.599976,15/6/04,Shipped,2,6,2004,Trucks and Buses,60,S18_2432,Handji Gifts& Co,+65 224 1555,Village Close - 106 Linden Road Sandown,2nd Floor,Singapore,NULL,69045,Singapore,APAC,Victorino,Wendy,Small
10271,25,69.27999878,11,1732,20/7/04,Shipped,3,7,2004,Trucks and Buses,60,S18_2432,Mini Gifts Distributors Ltd.,4155551450,5677 Strong St.,NULL,San Rafael,CA,97562,USA,NA,Nelson,Valarie,Small
10281,29,57.72999954,7,1674.170044,19/8/04,Shipped,3,8,2004,Trucks and Buses,60,S18_2432,Diecast Classics Inc.,2155551555,7586 Pompton St.,NULL,Allentown,PA,70267,USA,NA,Yu,Kyung,Small
10291,26,57.72999954,2,1500.97998,8/9/2004,Shipped,3,9,2004,Trucks and Buses,60,S18_2432,Scandinavian Gift Ideas,0695-34 6555,?kergatan 24,NULL,Boras,NULL,S-844 67,Sweden,EMEA,Larsson,Maria,Small
10305,41,53.47999954,11,2192.679932,13/10/04,Shipped,4,10,2004,Trucks and Buses,60,S18_2432,Marta's Replicas Co.,6175558555,39323 Spinnaker Dr.,NULL,Cambridge,MA,51247,USA,NA,Hernandez,Marta,Small
10313,34,52.86999893,5,1797.579956,22/10/04,Shipped,4,10,2004,Trucks and Buses,60,S18_2432,Canadian Gift Exchange Network,(604) 555-3392,1900 Oak St.,NULL,Vancouver,BC,V3F 2K1,Canada,NA,Tannamuri,Yoshi,Small
10322,35,61.20999908,11,2142.350098,4/11/2004,Shipped,4,11,2004,Trucks and Buses,60,S18_2432,Online Diecast Creations Co.,6035558647,2304 Long Airport Avenue,NULL,Nashua,NH,62005,USA,NA,Young,Valarie,Small
10334,34,61.38000107,1,2086.919922,19/11/04,On Hold,4,11,2004,Trucks and Buses,60,S18_2432,"Volvo Model Replicas, Co",0921-12 3555,Berguvsv gen  8,NULL,Lule,NULL,S-958 22,Sweden,EMEA,Berglund,Christina,Small
10347,50,100,8,6834.5,29/11/04,Shipped,4,11,2004,Trucks and Buses,60,S18_2432,"Australian Collectors, Co.",03 9520 4555,636 St Kilda Road,Level 3,Melbourne,Victoria,3004,Australia,APAC,Ferguson,Peter,Medium
10357,41,61.99000168,7,2541.590088,10/12/2004,Shipped,4,12,2004,Trucks and Buses,60,S18_2432,Mini Gifts Distributors Ltd.,4155551450,5677 Strong St.,NULL,San Rafael,CA,97562,USA,NA,Nelson,Valarie,Small
10370,22,96.86000061,7,2130.919922,20/1/05,Shipped,1,1,2005,Trucks and Buses,60,S18_2432,"Anna's Decorations, Ltd",02 9936 8555,201 Miller Street,Level 15,North Sydney,NSW,2060,Australia,APAC,O'Hara,Anna,Small
10381,35,48.61999893,7,1701.699951,17/2/05,Shipped,1,2,2005,Trucks and Buses,60,S18_2432,Corporate Gift Ideas Co.,6505551386,7734 Strong St.,NULL,San Francisco,CA,NULL,USA,NA,Brown,Julie,Small
10391,44,38.5,5,1694,9/3/2005,Shipped,1,3,2005,Trucks and Buses,60,S18_2432,"Anna's Decorations, Ltd",02 9936 8555,201 Miller Street,Level 15,North Sydney,NSW,2060,Australia,APAC,O'Hara,Anna,Small
10412,47,61.99000168,11,2913.530029,3/5/2005,Shipped,2,5,2005,Trucks and Buses,60,S18_2432,Euro Shopping Channel,(91) 555 94 44,"C/ Moralzarzal, 86",NULL,Madrid,NULL,28034,Spain,EMEA,Freyre,Diego,Small
10425,19,49.22000122,10,935.1799927,31/5/05,In Process,2,5,2005,Trucks and Buses,60,S18_2432,La Rochelle Gifts,40.67.8555,"67, rue des Cinquante Otages",NULL,Nantes,NULL,44000,France,EMEA,Labrune,Janine,Small
10106,34,90.38999939,2,3073.26001,17/2/03,Shipped,1,2,2003,Planes,84,S18_2581,Rovelli Gifts,035-640555,Via Ludovico il Moro 22,NULL,Bergamo,NULL,24100,Italy,EMEA,Rovelli,Giovanni,Medium
10120,29,71.80999756,8,2082.48999,29/4/03,Shipped,2,4,2003,Planes,84,S18_2581,"Australian Collectors, Co.",03 9520 4555,636 St Kilda Road,Level 3,Melbourne,Victoria,3004,Australia,APAC,Ferguson,Peter,Small
10133,49,69.26999664,3,3394.22998,27/6/03,Shipped,2,6,2003,Planes,84,S18_2581,Euro Shopping Channel,(91) 555 94 44,"C/ Moralzarzal, 86",NULL,Madrid,NULL,28034,Spain,EMEA,Freyre,Diego,Medium
10145,30,85.31999969,14,2559.600098,25/8/03,Shipped,3,8,2003,Planes,84,S18_2581,Toys4GrownUps.com,6265557265,78934 Hillside Dr.,NULL,Pasadena,CA,90003,USA,NA,Young,Julie,Small
10168,21,70.95999908,9,1490.160034,28/10/03,Shipped,4,10,2003,Planes,84,S18_2581,Technics Stores Inc.,6505556809,9408 Furth Circle,NULL,Burlingame,CA,94217,USA,NA,Hirano,Juri,Small
10210,50,76.87999725,7,3844,12/1/2004,Shipped,1,1,2004,Planes,84,S18_2581,Osaka Souveniers Co.,+81 06 6342 5555,"Dojima Avanza 4F, 1-6-20 Dojima, Kita-ku",NULL,Osaka,Osaka,530-0003,Japan,Japan,Kentary,Mory,Medium
10223,47,100,9,4724.910156,20/2/04,Shipped,1,2,2004,Planes,84,S18_2581,"Australian Collectors, Co.",03 9520 4555,636 St Kilda Road,Level 3,Melbourne,Victoria,3004,Australia,APAC,Ferguson,Peter,Medium
10235,24,76.02999878,3,1824.719971,2/4/2004,Shipped,2,4,2004,Planes,84,S18_2581,"Royal Canadian Collectables, Ltd.",(604) 555-4555,23 Tsawassen Blvd.,NULL,Tsawassen,BC,T2F 8M4,Canada,NA,Lincoln,Elizabeth,Small
10250,27,98.83999634,4,2668.679932,11/5/2004,Shipped,2,5,2004,Planes,84,S18_2581,The Sharp Gifts Warehouse,4085553659,3086 Ingle Ln.,NULL,San Jose,CA,94217,USA,NA,Frick,Sue,Small
10263,33,86.16999817,10,2843.610107,28/6/04,Shipped,2,6,2004,Planes,84,S18_2581,Gift Depot Inc.,2035552570,25593 South Bay Ln.,NULL,Bridgewater,CT,97562,USA,NA,King,Julie,Small
10275,35,90.38999939,9,3163.649902,23/7/04,Shipped,3,7,2004,Planes,84,S18_2581,La Rochelle Gifts,40.67.8555,"67, rue des Cinquante Otages",NULL,Nantes,NULL,44000,France,EMEA,Labrune,Janine,Medium
10284,31,71.80999756,1,2226.110107,21/8/04,Shipped,3,8,2004,Planes,84,S18_2581,"Norway Gifts By Mail, Co.",+47 2212 1555,"Drammensveien 126 A, PB 744 Sentrum",NULL,Oslo,NULL,N 0106,Norway,EMEA,Klaeboe,Jan,Small
10297,25,82.79000092,4,2069.75,16/9/04,Shipped,3,9,2004,Planes,84,S18_2581,"Clover Collections, Co.",+353 1862 1555,25 Maiden Lane,Floor No. 4,Dublin,NULL,2,Ireland,EMEA,Cassidy,Dean,Small
10308,27,82.79000092,7,2235.330078,15/10/04,Shipped,4,10,2004,Planes,84,S18_2581,Mini Classics,9145554562,3758 North Pendale Street,NULL,White Plains,NY,24067,USA,NA,Frick,Steve,Small
10318,31,100,9,3116.429932,2/11/2004,Shipped,4,11,2004,Planes,84,S18_2581,Diecast Classics Inc.,2155551555,7586 Pompton St.,NULL,Allentown,PA,70267,USA,NA,Yu,Kyung,Medium
10327,45,100,8,4781.700195,10/11/2004,Resolved,4,11,2004,Planes,84,S18_2581,Danish Wholesale Imports,31 12 3555,Vinb'ltet 34,NULL,Kobenhavn,NULL,1734,Denmark,EMEA,Petersen,Jytte,Medium
10339,27,100,2,2810.699951,23/11/04,Shipped,4,11,2004,Planes,84,S18_2581,"Tokyo Collectables, Ltd",+81 3 3584 0555,2-2-8 Roppongi,NULL,Minato-ku,Tokyo,106-0032,Japan,Japan,Shimamura,Akiko,Small
10353,27,100,1,3515.669922,4/12/2004,Shipped,4,12,2004,Planes,84,S18_2581,Gift Ideas Corp.,2035554407,2440 Pompton St.,NULL,Glendale,CT,97561,USA,NA,Lewis,Dan,Medium
10374,42,69.26999664,2,2909.340088,2/2/2005,Shipped,1,2,2005,Planes,84,S18_2581,"Australian Gift Network, Co",61-7-3844-6555,31 Duncan St. West End,NULL,South Brisbane,Queensland,4101,Australia,APAC,Calaghan,Tony,Small
10386,21,74.76999664,18,1570.170044,1/3/2005,Resolved,1,3,2005,Planes,84,S18_2581,Euro Shopping Channel,(91) 555 94 44,"C/ Moralzarzal, 86",NULL,Madrid,NULL,28034,Spain,EMEA,Freyre,Diego,Small
10398,34,76.87999725,15,2613.919922,30/3/05,Shipped,1,3,2005,Planes,84,S18_2581,Reims Collectables,26.47.1555,59 rue de l'Abbaye,NULL,Reims,NULL,51100,France,EMEA,Henriot,Paul,Small
10401,42,76.02999878,3,3193.26001,3/4/2005,On Hold,2,4,2005,Planes,84,S18_2581,Tekni Collectables Inc.,2015559350,7476 Moss Rd.,NULL,Newark,NJ,94019,USA,NA,Brown,William,Medium
10416,15,98.83999634,4,1482.599976,10/5/2005,Shipped,2,5,2005,Planes,84,S18_2581,L'ordine Souveniers,0522-556555,Strada Provinciale 124,NULL,Reggio Emilia,NULL,42100,Italy,EMEA,Moroni,Maurizio,Small
10107,29,70.87000275,6,2055.22998,24/2/03,Shipped,1,2,2003,Motorcycles,60,S18_2625,Land of Toys Inc.,2125557818,897 Long Airport Avenue,NULL,NYC,NY,10022,USA,NA,Yu,Kwai,Small
10120,46,58.15000153,4,2674.899902,29/4/03,Shipped,2,4,2003,Motorcycles,60,S18_2625,"Australian Collectors, Co.",03 9520 4555,636 St Kilda Road,Level 3,Melbourne,Victoria,3004,Australia,APAC,Ferguson,Peter,Small
10134,30,61.77999878,6,1853.400024,1/7/2003,Shipped,3,7,2003,Motorcycles,60,S18_2625,Lyon Souveniers,+33 1 46 62 7555,27 rue du Colonel Pierre Avia,NULL,Paris,NULL,75508,France,EMEA,Da Cunha,Daniel,Small
10145,30,49.66999817,10,1490.099976,25/8/03,Shipped,3,8,2003,Motorcycles,60,S18_2625,Toys4GrownUps.com,6265557265,78934 Hillside Dr.,NULL,Pasadena,CA,90003,USA,NA,Young,Julie,Small
10159,42,51.47999954,18,2162.159912,10/10/2003,Shipped,4,10,2003,Motorcycles,60,S18_2625,Corporate Gift Ideas Co.,6505551386,7734 Strong St.,NULL,San Francisco,CA,NULL,USA,NA,Brown,Julie,Small
10168,46,61.18000031,5,2814.280029,28/10/03,Shipped,4,10,2003,Motorcycles,60,S18_2625,Technics Stores Inc.,6505556809,9408 Furth Circle,NULL,Burlingame,CA,94217,USA,NA,Hirano,Juri,Small
10180,25,64.19999695,13,1605,11/11/2003,Shipped,4,11,2003,Motorcycles,60,S18_2625,Daedalus Designs Imports,20.16.1555,"184, chausse de Tournai",NULL,Lille,NULL,59000,France,EMEA,Rance,Martine,Small
10188,32,65.41999817,5,2093.439941,18/11/03,Shipped,4,11,2003,Motorcycles,60,S18_2625,Herkku Gifts,+47 2267 3215,"Drammen 121, PR 744 Sentrum",NULL,Bergen,NULL,N 5804,Norway,EMEA,Oeztan,Veysel,Small
10201,30,64.80999756,6,1944.300049,1/12/2003,Shipped,4,12,2003,Motorcycles,60,S18_2625,Mini Wheels Co.,6505555787,5557 North Pendale Street,NULL,San Francisco,CA,NULL,USA,NA,Murphy,Julie,Small
10210,40,49.66999817,3,1986.800049,12/1/2004,Shipped,1,1,2004,Motorcycles,60,S18_2625,Osaka Souveniers Co.,+81 06 6342 5555,"Dojima Avanza 4F, 1-6-20 Dojima, Kita-ku",NULL,Osaka,Osaka,530-0003,Japan,Japan,Kentary,Mory,Small
10223,28,60.56999969,5,1695.959961,20/2/04,Shipped,1,2,2004,Motorcycles,60,S18_2625,"Australian Collectors, Co.",03 9520 4555,636 St Kilda Road,Level 3,Melbourne,Victoria,3004,Australia,APAC,Ferguson,Peter,Small
10236,23,55.72000122,2,1281.560059,3/4/2004,Shipped,2,4,2004,Motorcycles,60,S18_2625,Motor Mint Distributors Inc.,2155559857,11328 Douglas Av.,NULL,Philadelphia,PA,71270,USA,NA,Hernandez,Rosa,Small
10251,29,61.18000031,6,1774.219971,18/5/04,Shipped,2,5,2004,Motorcycles,60,S18_2625,Tekni Collectables Inc.,2015559350,7476 Moss Rd.,NULL,Newark,NJ,94019,USA,NA,Brown,William,Small
10263,34,58.75,6,1997.5,28/6/04,Shipped,2,6,2004,Motorcycles,60,S18_2625,Gift Depot Inc.,2035552570,25593 South Bay Ln.,NULL,Bridgewater,CT,97562,USA,NA,King,Julie,Small
10275,37,63.59999847,5,2353.199951,23/7/04,Shipped,3,7,2004,Motorcycles,60,S18_2625,La Rochelle Gifts,40.67.8555,"67, rue des Cinquante Otages",NULL,Nantes,NULL,44000,France,EMEA,Labrune,Janine,Small
10285,20,49.06000137,10,981.2000122,27/8/04,Shipped,3,8,2004,Motorcycles,60,S18_2625,Marta's Replicas Co.,6175558555,39323 Spinnaker Dr.,NULL,Cambridge,MA,51247,USA,NA,Hernandez,Marta,Small
10298,32,48.45999908,2,1550.719971,27/9/04,Shipped,3,9,2004,Motorcycles,60,S18_2625,Atelier graphique,40.32.2555,"54, rue Royale",NULL,Nantes,NULL,44000,France,EMEA,Schmitt,Carine,Small
10308,34,52.09000015,3,1771.060059,15/10/04,Shipped,4,10,2004,Motorcycles,60,S18_2625,Mini Classics,9145554562,3758 North Pendale Street,NULL,White Plains,NY,24067,USA,NA,Frick,Steve,Small
10318,42,52.70000076,5,2213.399902,2/11/2004,Shipped,4,11,2004,Motorcycles,60,S18_2625,Diecast Classics Inc.,2155551555,7586 Pompton St.,NULL,Allentown,PA,70267,USA,NA,Yu,Kyung,Small
10329,38,100,12,5266.040039,15/11/04,Shipped,4,11,2004,Motorcycles,60,S18_2625,Land of Toys Inc.,2125557818,897 Long Airport Avenue,NULL,NYC,NY,10022,USA,NA,Yu,Kwai,Medium
10339,30,62.15999985,1,1864.800049,23/11/04,Shipped,4,11,2004,Motorcycles,60,S18_2625,"Tokyo Collectables, Ltd",+81 3 3584 0555,2-2-8 Roppongi,NULL,Minato-ku,Tokyo,106-0032,Japan,Japan,Shimamura,Akiko,Small
10362,23,49.66999817,3,1142.410034,5/1/2005,Shipped,1,1,2005,Motorcycles,60,S18_2625,Technics Stores Inc.,6505556809,9408 Furth Circle,NULL,Burlingame,CA,94217,USA,NA,Hirano,Juri,Small
10374,22,53.29999924,4,1172.599976,2/2/2005,Shipped,1,2,2005,Motorcycles,60,S18_2625,"Australian Gift Network, Co",61-7-3844-6555,31 Duncan St. West End,NULL,South Brisbane,Queensland,4101,Australia,APAC,Calaghan,Tony,Small
10389,39,100,5,6981,3/3/2005,Shipped,1,3,2005,Motorcycles,60,S18_2625,Scandinavian Gift Ideas,0695-34 6555,?kergatan 24,NULL,Boras,NULL,S-844 67,Sweden,EMEA,Larsson,Maria,Medium
10402,55,55.72000122,2,3064.600098,7/4/2005,Shipped,2,4,2005,Motorcycles,60,S18_2625,Auto Canal Petit,(1) 47.55.6555,"25, rue Lauriston",NULL,Paris,NULL,75016,France,EMEA,Perrier,Dominique,Medium
10417,36,61.18000031,6,2202.47998,13/5/05,Disputed,2,5,2005,Motorcycles,60,S18_2625,Euro Shopping Channel,(91) 555 94 44,"C/ Moralzarzal, 86",NULL,Madrid,NULL,28034,Spain,EMEA,Freyre,Diego,Small
10101,26,100,1,3773.379883,9/1/2003,Shipped,1,1,2003,Vintage Cars,168,S18_2795,"Blauer See Auto, Co.",+49 69 66 90 2555,Lyonerstr. 34,NULL,Frankfurt,NULL,60528,Germany,EMEA,Keitel,Roland,Medium
10110,31,100,1,5074.390137,18/3/03,Shipped,1,3,2003,Vintage Cars,168,S18_2795,"AV Stores, Co.",(171) 555-1555,Fauntleroy Circus,NULL,Manchester,NULL,EC2 5NT,UK,EMEA,Ashworth,Victoria,Medium
10125,34,100,2,6483.459961,21/5/03,Shipped,2,5,2003,Vintage Cars,168,S18_2795,"Australian Collectors, Co.",03 9520 4555,636 St Kilda Road,Level 3,Melbourne,Victoria,3004,Australia,APAC,Ferguson,Peter,Medium
10139,41,100,8,7956.459961,16/7/03,Shipped,3,7,2003,Vintage Cars,168,S18_2795,Souveniers And Things Co.,+61 2 9495 8555,"Monitor Money Building, 815 Pacific Hwy",Level 6,Chatswood,NSW,2067,Australia,APAC,Huxley,Adrian,Large
10149,23,100,5,4230.620117,12/9/2003,Shipped,3,9,2003,Vintage Cars,168,S18_2795,Signal Collectibles Ltd.,4155554312,2793 Furth Circle,NULL,Brisbane,CA,94217,USA,NA,Taylor,Sue,Medium
10162,48,100,3,7209.120117,18/10/03,Shipped,4,10,2003,Vintage Cars,168,S18_2795,Corporate Gift Ideas Co.,6505551386,7734 Strong St.,NULL,San Francisco,CA,NULL,USA,NA,Brown,Julie,Large
10173,22,100,7,3452.679932,5/11/2003,Shipped,4,11,2003,Vintage Cars,168,S18_2795,Rovelli Gifts,035-640555,Via Ludovico il Moro 22,NULL,Bergamo,NULL,24100,Italy,EMEA,Rovelli,Giovanni,Medium
10182,21,100,4,3047.72998,12/11/2003,Shipped,4,11,2003,Vintage Cars,168,S18_2795,Mini Gifts Distributors Ltd.,4155551450,5677 Strong St.,NULL,San Rafael,CA,97562,USA,NA,Nelson,Valarie,Medium
10193,22,100,8,3675.320068,21/11/03,Shipped,4,11,2003,Vintage Cars,168,S18_2795,"Australian Collectables, Ltd",61-9-3844-6555,7 Allen Street,NULL,Glen Waverly,Victoria,3150,Australia,APAC,Connery,Sean,Medium
10205,40,100,3,7492.399902,3/12/2003,Shipped,4,12,2003,Vintage Cars,168,S18_2795,Euro Shopping Channel,(91) 555 94 44,"C/ Moralzarzal, 86",NULL,Madrid,NULL,28034,Spain,EMEA,Freyre,Diego,Large
10214,50,100,1,9534.5,26/1/04,Shipped,1,1,2004,Vintage Cars,168,S18_2795,"Corrida Auto Replicas, Ltd",(91) 555 22 82,"C/ Araquil, 67",NULL,Madrid,NULL,28023,Spain,EMEA,Sommer,Mart n,Large
10227,29,100,4,5579.02002,2/3/2004,Shipped,1,3,2004,Vintage Cars,168,S18_2795,"Saveley & Henriot, Co.",78.32.5555,"2, rue du Commerce",NULL,Lyon,NULL,69004,France,EMEA,Saveley,Mary,Medium
10244,43,100,8,5950.339844,29/4/04,Shipped,2,4,2004,Vintage Cars,168,S18_2795,Euro Shopping Channel,(91) 555 94 44,"C/ Moralzarzal, 86",NULL,Madrid,NULL,28034,Spain,EMEA,Freyre,Diego,Medium
10255,24,100,1,3726,4/6/2004,Shipped,2,6,2004,Vintage Cars,168,S18_2795,Mini Caravy,88.60.1555,"24, place Kluber",NULL,Strasbourg,NULL,67000,France,EMEA,Citeaux,Frederique,Medium
10280,22,100,10,4455,17/8/04,Shipped,3,8,2004,Vintage Cars,168,S18_2795,Amica Models & Co.,011-4988555,Via Monte Bianco 34,NULL,Torino,NULL,10100,Italy,EMEA,Accorti,Paolo,Medium
10289,43,100,3,8272.339844,3/9/2004,Shipped,3,9,2004,Vintage Cars,168,S18_2795,Herkku Gifts,+47 2267 3215,"Drammen 121, PR 744 Sentrum",NULL,Bergen,NULL,N 5804,Norway,EMEA,Oeztan,Veysel,Large
10304,20,100,14,3577.600098,11/10/2004,Shipped,4,10,2004,Vintage Cars,168,S18_2795,Auto Assoc. & Cie.,30.59.8555,"67, avenue de l'Europe",NULL,Versailles,NULL,78000,France,EMEA,Tonini,Daniel,Medium
10312,25,100,11,3881.25,21/10/04,Shipped,4,10,2004,Vintage Cars,168,S18_2795,Mini Gifts Distributors Ltd.,4155551450,5677 Strong St.,NULL,San Rafael,CA,97562,USA,NA,Nelson,Valarie,Medium
10322,36,100,2,5797.439941,4/11/2004,Shipped,4,11,2004,Vintage Cars,168,S18_2795,Online Diecast Creations Co.,6035558647,2304 Long Airport Avenue,NULL,Nashua,NH,62005,USA,NA,Young,Valarie,Medium
10332,24,52.66999817,1,1264.079956,17/11/04,Shipped,4,11,2004,Vintage Cars,168,S18_2795,"AV Stores, Co.",(171) 555-1555,Fauntleroy Circus,NULL,Manchester,NULL,EC2 5NT,UK,EMEA,Ashworth,Victoria,Small
10347,21,100,6,4815.299805,29/11/04,Shipped,4,11,2004,Vintage Cars,168,S18_2795,"Australian Collectors, Co.",03 9520 4555,636 St Kilda Road,Level 3,Melbourne,Victoria,3004,Australia,APAC,Ferguson,Peter,Medium
10356,30,100,1,4462.200195,9/12/2004,Shipped,4,12,2004,Vintage Cars,168,S18_2795,Lyon Souveniers,+33 1 46 62 7555,27 rue du Colonel Pierre Avia,NULL,Paris,NULL,75508,France,EMEA,Da Cunha,Daniel,Medium
10367,32,94.79000092,7,3033.280029,12/1/2005,Resolved,1,1,2005,Vintage Cars,168,S18_2795,Toys4GrownUps.com,6265557265,78934 Hillside Dr.,NULL,Pasadena,CA,90003,USA,NA,Young,Julie,Medium
10380,21,47.18000031,8,990.7800293,16/2/05,Shipped,1,2,2005,Vintage Cars,168,S18_2795,Euro Shopping Channel,(91) 555 94 44,"C/ Moralzarzal, 86",NULL,Madrid,NULL,28034,Spain,EMEA,Freyre,Diego,Small
10390,26,78.11000061,7,2030.859985,4/3/2005,Shipped,1,3,2005,Vintage Cars,168,S18_2795,Mini Gifts Distributors Ltd.,4155551450,5677 Strong St.,NULL,San Rafael,CA,97562,USA,NA,Nelson,Valarie,Small
10421,35,100,1,5433.75,29/5/05,In Process,2,5,2005,Vintage Cars,168,S18_2795,Mini Gifts Distributors Ltd.,4155551450,5677 Strong St.,NULL,San Rafael,CA,97562,USA,NA,Nelson,Valarie,Medium
10109,26,100,1,3157.439941,10/3/2003,Shipped,1,3,2003,Classic Cars,132,S18_2870,Motor Mint Distributors Inc.,2155559857,11328 Douglas Av.,NULL,Philadelphia,PA,71270,USA,NA,Hernandez,Rosa,Medium
10123,46,100,3,5161.200195,20/5/03,Shipped,2,5,2003,Classic Cars,132,S18_2870,Atelier graphique,40.32.2555,"54, rue Royale",NULL,Nantes,NULL,44000,France,EMEA,Schmitt,Carine,Medium
10137,37,100,3,4346.759766,10/7/2003,Shipped,3,7,2003,Classic Cars,132,S18_2870,Reims Collectables,26.47.1555,59 rue de l'Abbaye,NULL,Reims,NULL,51100,France,EMEA,Henriot,Paul,Medium
10148,27,100,10,3528.360107,11/9/2003,Shipped,3,9,2003,Classic Cars,132,S18_2870,"Anna's Decorations, Ltd",02 9936 8555,201 Miller Street,Level 15,North Sydney,NSW,2060,Australia,APAC,O'Hara,Anna,Medium
10161,23,100,9,3187.800049,17/10/03,Shipped,4,10,2003,Classic Cars,132,S18_2870,Heintze Collectables,86 21 3555,Smagsloget 45,NULL,Aaarhus,NULL,8200,Denmark,EMEA,Ibsen,Palle,Medium
10172,39,100,7,6023.160156,5/11/2003,Shipped,4,11,2003,Classic Cars,132,S18_2870,Gift Depot Inc.,2035552570,25593 South Bay Ln.,NULL,Bridgewater,CT,97562,USA,NA,King,Julie,Medium
10181,27,100,3,3884.76001,12/11/2003,Shipped,4,11,2003,Classic Cars,132,S18_2870,Herkku Gifts,+47 2267 3215,"Drammen 121, PR 744 Sentrum",NULL,Bergen,NULL,N 5804,Norway,EMEA,Oeztan,Veysel,Medium
10192,38,100,8,4965.839844,20/11/03,Shipped,4,11,2003,Classic Cars,132,S18_2870,Online Diecast Creations Co.,6035558647,2304 Long Airport Avenue,NULL,Nashua,NH,62005,USA,NA,Young,Valarie,Medium
10204,27,100,14,4169.879883,2/12/2003,Shipped,4,12,2003,Classic Cars,132,S18_2870,Muscle Machine Inc,2125557413,4092 Furth Circle,Suite 400,NYC,NY,10022,USA,NA,Young,Jeff,Medium
10212,40,100,7,4910.399902,16/1/04,Shipped,1,1,2004,Classic Cars,132,S18_2870,Euro Shopping Channel,(91) 555 94 44,"C/ Moralzarzal, 86",NULL,Madrid,NULL,28034,Spain,EMEA,Freyre,Diego,Medium
10226,24,100,5,3231.360107,26/2/04,Shipped,1,2,2004,Classic Cars,132,S18_2870,Collectable Mini Designs Co.,7605558146,361 Furth Circle,NULL,San Diego,CA,91217,USA,NA,Thompson,Valarie,Medium
10241,44,100,12,6853.439941,13/4/04,Shipped,2,4,2004,Classic Cars,132,S18_2870,Mini Caravy,88.60.1555,"24, place Kluber",NULL,Strasbourg,NULL,67000,France,EMEA,Citeaux,Frederique,Medium
10253,37,100,2,5177.040039,1/6/2004,Cancelled,2,6,2004,Classic Cars,132,S18_2870,"UK Collectables, Ltd.",(171) 555-2282,Berkeley Gardens 12  Brewery,NULL,Liverpool,NULL,WX1 6LT,UK,EMEA,Devon,Elizabeth,Medium
10266,20,100,3,2824.800049,6/7/2004,Shipped,3,7,2004,Classic Cars,132,S18_2870,L'ordine Souveniers,0522-556555,Strada Provinciale 124,NULL,Reggio Emilia,NULL,42100,Italy,EMEA,Moroni,Maurizio,Small
10278,39,100,3,4324.319824,6/8/2004,Shipped,3,8,2004,Classic Cars,132,S18_2870,Signal Gift Stores,7025551838,8489 Strong St.,NULL,Las Vegas,NV,83030,USA,NA,King,Sue,Medium
10287,44,100,1,5052.959961,30/8/04,Shipped,3,8,2004,Classic Cars,132,S18_2870,"Vida Sport, Ltd",0897-034555,Grenzacherweg 237,NULL,Gensve,NULL,1203,Switzerland,EMEA,Holz,Michael,Medium
10301,22,100,5,3223.439941,5/10/2003,Shipped,4,10,2003,Classic Cars,132,S18_2870,"Norway Gifts By Mail, Co.",+47 2212 1555,"Drammensveien 126 A, PB 744 Sentrum",NULL,Oslo,NULL,N 0106,Norway,EMEA,Klaeboe,Jan,Medium
10311,43,100,10,5278.680176,16/10/04,Shipped,4,10,2004,Classic Cars,132,S18_2870,Euro Shopping Channel,(91) 555 94 44,"C/ Moralzarzal, 86",NULL,Madrid,NULL,28034,Spain,EMEA,Freyre,Diego,Medium
10321,27,100,7,2851.199951,4/11/2004,Shipped,4,11,2004,Classic Cars,132,S18_2870,FunGiftIdeas.com,5085552555,1785 First Street,NULL,New Bedford,MA,50553,USA,NA,Benitez,Violeta,Small
10331,26,64.90000153,10,1687.400024,17/11/04,Shipped,4,11,2004,Classic Cars,132,S18_2870,Motor Mint Distributors Inc.,2155559857,11328 Douglas Av.,NULL,Philadelphia,PA,71270,USA,NA,Hernandez,Rosa,Small
10343,25,52.31999969,3,1308,24/11/04,Shipped,4,11,2004,Classic Cars,132,S18_2870,Reims Collectables,26.47.1555,59 rue de l'Abbaye,NULL,Reims,NULL,51100,France,EMEA,Henriot,Paul,Small
10366,49,100,2,6144.600098,10/1/2005,Shipped,1,1,2005,Classic Cars,132,S18_2870,Royale Belge,(071) 23 67 2555,"Boulevard Tirou, 255",NULL,Charleroi,NULL,B-6000,Belgium,EMEA,Cartrain,Pascale,Medium
10379,29,100,5,5127.200195,10/2/2005,Shipped,1,2,2005,Classic Cars,132,S18_2870,Euro Shopping Channel,(91) 555 94 44,"C/ Moralzarzal, 86",NULL,Madrid,NULL,28034,Spain,EMEA,Freyre,Diego,Medium
10407,41,100,12,6386.160156,22/4/05,On Hold,2,4,2005,Classic Cars,132,S18_2870,The Sharp Gifts Warehouse,4085553659,3086 Ingle Ln.,NULL,San Jose,CA,94217,USA,NA,Frick,Sue,Medium
10419,55,100,2,7695.600098,17/5/05,Shipped,2,5,2005,Classic Cars,132,S18_2870,Salzburg Collectables,6562-9555,Geislweg 14,NULL,Salzburg,NULL,5020,Austria,EMEA,Pipps,Georg,Large
10103,27,83.06999969,12,2242.889893,29/1/03,Shipped,1,1,2003,Vintage Cars,101,S18_2949,Baane Mini Imports,07-98 9555,Erling Skakkes gate 78,NULL,Stavern,NULL,4110,Norway,EMEA,Bergulfsen,Jonas,Small
10112,23,100,2,2539.889893,24/3/03,Shipped,1,3,2003,Vintage Cars,101,S18_2949,"Volvo Model Replicas, Co",0921-12 3555,Berguvsv gen  8,NULL,Lule,NULL,S-958 22,Sweden,EMEA,Berglund,Christina,Small
10126,31,90.16999817,12,2795.27002,28/5/03,Shipped,2,5,2003,Vintage Cars,101,S18_2949,"Corrida Auto Replicas, Ltd",(91) 555 22 82,"C/ Araquil, 67",NULL,Madrid,NULL,28023,Spain,EMEA,Sommer,Mart n,Small
10139,46,100,1,5545.759766,16/7/03,Shipped,3,7,2003,Vintage Cars,101,S18_2949,Souveniers And Things Co.,+61 2 9495 8555,"Monitor Money Building, 815 Pacific Hwy",Level 6,Chatswood,NSW,2067,Australia,APAC,Huxley,Adrian,Medium
10150,47,91.18000031,9,4285.459961,19/9/03,Shipped,3,9,2003,Vintage Cars,101,S18_2949,"Dragon Souveniers, Ltd.",+65 221 7555,"Bronz Sok., Bronz Apt. 3/6 Tesvikiye",NULL,Singapore,NULL,79903,Singapore,Japan,Natividad,Eric,Medium
10163,31,100,2,3329.090088,20/10/03,Shipped,4,10,2003,Vintage Cars,101,S18_2949,Classic Legends Inc.,2125558493,5905 Pompton St.,Suite 750,NYC,NY,10022,USA,NA,Hernandez,Maria,Medium
10174,46,100,5,5592.220215,6/11/2003,Shipped,4,11,2003,Vintage Cars,101,S18_2949,"Australian Gift Network, Co",61-7-3844-6555,31 Duncan St. West End,NULL,South Brisbane,Queensland,4101,Australia,APAC,Calaghan,Tony,Medium
10183,37,89.15000153,9,3298.550049,13/11/03,Shipped,4,11,2003,Vintage Cars,101,S18_2949,"Classic Gift Ideas, Inc",2155554695,782 First Street,NULL,Philadelphia,PA,71270,USA,NA,Cervantes,Francisca,Medium
10193,28,93.20999908,1,2609.879883,21/11/03,Shipped,4,11,2003,Vintage Cars,101,S18_2949,"Australian Collectables, Ltd",61-9-3844-6555,7 Allen Street,NULL,Glen Waverly,Victoria,3150,Australia,APAC,Connery,Sean,Small
10206,37,90.16999817,7,3336.290039,5/12/2003,Shipped,4,12,2003,Vintage Cars,101,S18_2949,Canadian Gift Exchange Network,(604) 555-3392,1900 Oak St.,NULL,Vancouver,BC,V3F 2K1,Canada,NA,Tannamuri,Yoshi,Medium
10215,49,100,4,5510.049805,29/1/04,Shipped,1,1,2004,Vintage Cars,101,S18_2949,West Coast Collectables Co.,3105553722,3675 Furth Circle,NULL,Burbank,CA,94019,USA,NA,Thompson,Steve,Medium
10228,24,100,3,2504.399902,10/3/2004,Shipped,1,3,2004,Vintage Cars,101,S18_2949,Cambridge Collectables Co.,6175555555,4658 Baden Av.,NULL,Cambridge,MA,51247,USA,NA,Tseng,Kyung,Small
10244,30,100,1,3525.600098,29/4/04,Shipped,2,4,2004,Vintage Cars,101,S18_2949,Euro Shopping Channel,(91) 555 94 44,"C/ Moralzarzal, 86",NULL,Madrid,NULL,28034,Spain,EMEA,Freyre,Diego,Medium
10257,50,88.13999939,1,4407,14/6/04,Shipped,2,6,2004,Vintage Cars,101,S18_2949,The Sharp Gifts Warehouse,4085553659,3086 Ingle Ln.,NULL,San Jose,CA,94217,USA,NA,Frick,Sue,Medium
10270,31,96.23999786,10,2983.439941,19/7/04,Shipped,3,7,2004,Vintage Cars,101,S18_2949,Souveniers And Things Co.,+61 2 9495 8555,"Monitor Money Building, 815 Pacific Hwy",Level 6,Chatswood,NSW,2067,Australia,APAC,Huxley,Adrian,Small
10280,46,100,3,5126.240234,17/8/04,Shipped,3,8,2004,Vintage Cars,101,S18_2949,Amica Models & Co.,011-4988555,Via Monte Bianco 34,NULL,Torino,NULL,10100,Italy,EMEA,Accorti,Paolo,Medium
10291,47,100,12,5713.790039,8/9/2004,Shipped,3,9,2004,Vintage Cars,101,S18_2949,Scandinavian Gift Ideas,0695-34 6555,?kergatan 24,NULL,Boras,NULL,S-844 67,Sweden,EMEA,Larsson,Maria,Medium
10304,46,100,7,4613.799805,11/10/2004,Shipped,4,10,2004,Vintage Cars,101,S18_2949,Auto Assoc. & Cie.,30.59.8555,"67, avenue de l'Europe",NULL,Versailles,NULL,78000,France,EMEA,Tonini,Daniel,Medium
10312,37,100,4,3711.100098,21/10/04,Shipped,4,10,2004,Vintage Cars,101,S18_2949,Mini Gifts Distributors Ltd.,4155551450,5677 Strong St.,NULL,San Rafael,CA,97562,USA,NA,Nelson,Valarie,Medium
10322,33,100,12,3524.72998,4/11/2004,Shipped,4,11,2004,Vintage Cars,101,S18_2949,Online Diecast Creations Co.,6035558647,2304 Long Airport Avenue,NULL,Nashua,NH,62005,USA,NA,Young,Valarie,Medium
10333,31,90.16999817,5,2795.27002,18/11/04,Shipped,4,11,2004,Vintage Cars,101,S18_2949,Mini Wheels Co.,6505555787,5557 North Pendale Street,NULL,San Francisco,CA,NULL,USA,NA,Murphy,Julie,Small
10347,48,100,9,4814.399902,29/11/04,Shipped,4,11,2004,Vintage Cars,101,S18_2949,"Australian Collectors, Co.",03 9520 4555,636 St Kilda Road,Level 3,Melbourne,Victoria,3004,Australia,APAC,Ferguson,Peter,Medium
10357,41,87.12999725,6,3572.330078,10/12/2004,Shipped,4,12,2004,Vintage Cars,101,S18_2949,Mini Gifts Distributors Ltd.,4155551450,5677 Strong St.,NULL,San Rafael,CA,97562,USA,NA,Nelson,Valarie,Medium
10369,42,100,1,4581.359863,20/1/05,Shipped,1,1,2005,Vintage Cars,101,S18_2949,Collectables For Less Inc.,6175558555,7825 Douglas Av.,NULL,Brickhaven,MA,58339,USA,NA,Nelson,Allen,Medium
10381,41,100,8,4319.759766,17/2/05,Shipped,1,2,2005,Vintage Cars,101,S18_2949,Corporate Gift Ideas Co.,6505551386,7734 Strong St.,NULL,San Francisco,CA,NULL,USA,NA,Brown,Julie,Medium
10391,32,45.25,6,1448,9/3/2005,Shipped,1,3,2005,Vintage Cars,101,S18_2949,"Anna's Decorations, Ltd",02 9936 8555,201 Miller Street,Level 15,North Sydney,NSW,2060,Australia,APAC,O'Hara,Anna,Small
10423,10,88.13999939,1,881.4000244,30/5/05,In Process,2,5,2005,Vintage Cars,101,S18_2949,Petit Auto,(02) 5554 67,Rue Joseph-Bens 532,NULL,Bruxelles,NULL,B-1180,Belgium,EMEA,Dewey,Catherine,Small
10103,35,57.45999908,14,2011.099976,29/1/03,Shipped,1,1,2003,Vintage Cars,62,S18_2957,Baane Mini Imports,07-98 9555,Erling Skakkes gate 78,NULL,Stavern,NULL,4110,Norway,EMEA,Bergulfsen,Jonas,Small
10111,28,64.33000183,2,1801.23999,25/3/03,Shipped,1,3,2003,Vintage Cars,62,S18_2957,Mini Wheels Co.,6505555787,5557 North Pendale Street,NULL,San Francisco,CA,NULL,USA,NA,Murphy,Julie,Small
10126,46,73.69999695,14,3390.199951,28/5/03,Shipped,2,5,2003,Vintage Cars,62,S18_2957,"Corrida Auto Replicas, Ltd",(91) 555 22 82,"C/ Araquil, 67",NULL,Madrid,NULL,28023,Spain,EMEA,Sommer,Mart n,Medium
10139,20,71.19999695,3,1424,16/7/03,Shipped,3,7,2003,Vintage Cars,62,S18_2957,Souveniers And Things Co.,+61 2 9495 8555,"Monitor Money Building, 815 Pacific Hwy",Level 6,Chatswood,NSW,2067,Australia,APAC,Huxley,Adrian,Small
10150,30,49.97000122,11,1499.099976,19/9/03,Shipped,3,9,2003,Vintage Cars,62,S18_2957,"Dragon Souveniers, Ltd.",+65 221 7555,"Bronz Sok., Bronz Apt. 3/6 Tesvikiye",NULL,Singapore,NULL,79903,Singapore,Japan,Natividad,Eric,Small
10163,48,69.95999908,4,3358.080078,20/10/03,Shipped,4,10,2003,Vintage Cars,62,S18_2957,Classic Legends Inc.,2125558493,5905 Pompton St.,Suite 750,NYC,NY,10022,USA,NA,Hernandez,Maria,Medium
10173,28,53.72000122,2,1504.160034,5/11/2003,Shipped,4,11,2003,Vintage Cars,62,S18_2957,Rovelli Gifts,035-640555,Via Ludovico il Moro 22,NULL,Bergamo,NULL,24100,Italy,EMEA,Rovelli,Giovanni,Small
10183,39,68.08000183,11,2655.120117,13/11/03,Shipped,4,11,2003,Vintage Cars,62,S18_2957,"Classic Gift Ideas, Inc",2155554695,782 First Street,NULL,Philadelphia,PA,71270,USA,NA,Cervantes,Francisca,Small
10193,24,51.84000015,3,1244.160034,21/11/03,Shipped,4,11,2003,Vintage Cars,62,S18_2957,"Australian Collectables, Ltd",61-9-3844-6555,7 Allen Street,NULL,Glen Waverly,Victoria,3150,Australia,APAC,Connery,Sean,Small
10206,28,67.45999908,9,1888.880005,5/12/2003,Shipped,4,12,2003,Vintage Cars,62,S18_2957,Canadian Gift Exchange Network,(604) 555-3392,1900 Oak St.,NULL,Vancouver,BC,V3F 2K1,Canada,NA,Tannamuri,Yoshi,Small
10215,31,58.70999908,6,1820.01001,29/1/04,Shipped,1,1,2004,Vintage Cars,62,S18_2957,West Coast Collectables Co.,3105553722,3675 Furth Circle,NULL,Burbank,CA,94019,USA,NA,Thompson,Steve,Small
10228,45,63.70999908,5,2866.949951,10/3/2004,Shipped,1,3,2004,Vintage Cars,62,S18_2957,Cambridge Collectables Co.,6175555555,4658 Baden Av.,NULL,Cambridge,MA,51247,USA,NA,Tseng,Kyung,Small
10244,24,58.09000015,3,1394.160034,29/4/04,Shipped,2,4,2004,Vintage Cars,62,S18_2957,Euro Shopping Channel,(91) 555 94 44,"C/ Moralzarzal, 86",NULL,Madrid,NULL,28034,Spain,EMEA,Freyre,Diego,Small
10257,49,53.72000122,3,2632.280029,14/6/04,Shipped,2,6,2004,Vintage Cars,62,S18_2957,The Sharp Gifts Warehouse,4085553659,3086 Ingle Ln.,NULL,San Jose,CA,94217,USA,NA,Frick,Sue,Small
10269,32,63.08000183,1,2018.560059,16/7/04,Shipped,3,7,2004,Vintage Cars,62,S18_2957,Salzburg Collectables,6562-9555,Geislweg 14,NULL,Salzburg,NULL,5020,Austria,EMEA,Pipps,Georg,Small
10280,43,68.70999908,5,2954.530029,17/8/04,Shipped,3,8,2004,Vintage Cars,62,S18_2957,Amica Models & Co.,011-4988555,Via Monte Bianco 34,NULL,Torino,NULL,10100,Italy,EMEA,Accorti,Paolo,Small
10291,37,50.59000015,14,1871.829956,8/9/2004,Shipped,3,9,2004,Vintage Cars,62,S18_2957,Scandinavian Gift Ideas,0695-34 6555,?kergatan 24,NULL,Boras,NULL,S-844 67,Sweden,EMEA,Larsson,Maria,Small
10304,24,64.95999908,9,1559.040039,11/10/2004,Shipped,4,10,2004,Vintage Cars,62,S18_2957,Auto Assoc. & Cie.,30.59.8555,"67, avenue de l'Europe",NULL,Versailles,NULL,78000,France,EMEA,Tonini,Daniel,Small
10312,35,53.72000122,6,1880.199951,21/10/04,Shipped,4,10,2004,Vintage Cars,62,S18_2957,Mini Gifts Distributors Ltd.,4155551450,5677 Strong St.,NULL,San Rafael,CA,97562,USA,NA,Nelson,Valarie,Small
10322,41,29.87000084,13,1224.670044,4/11/2004,Shipped,4,11,2004,Vintage Cars,62,S18_2957,Online Diecast Creations Co.,6035558647,2304 Long Airport Avenue,NULL,Nashua,NH,62005,USA,NA,Young,Valarie,Small
10332,26,100,17,2979.080078,17/11/04,Shipped,4,11,2004,Vintage Cars,62,S18_2957,"AV Stores, Co.",(171) 555-1555,Fauntleroy Circus,NULL,Manchester,NULL,EC2 5NT,UK,EMEA,Ashworth,Victoria,Small
10347,34,64.95999908,10,2208.639893,29/11/04,Shipped,4,11,2004,Vintage Cars,62,S18_2957,"Australian Collectors, Co.",03 9520 4555,636 St Kilda Road,Level 3,Melbourne,Victoria,3004,Australia,APAC,Ferguson,Peter,Small
10357,49,70.58000183,5,3458.419922,10/12/2004,Shipped,4,12,2004,Vintage Cars,62,S18_2957,Mini Gifts Distributors Ltd.,4155551450,5677 Strong St.,NULL,San Rafael,CA,97562,USA,NA,Nelson,Valarie,Medium
10369,28,44.20999908,6,1237.880005,20/1/05,Shipped,1,1,2005,Vintage Cars,62,S18_2957,Collectables For Less Inc.,6175558555,7825 Douglas Av.,NULL,Brickhaven,MA,58339,USA,NA,Nelson,Allen,Small
10381,40,68.08000183,4,2723.199951,17/2/05,Shipped,1,2,2005,Vintage Cars,62,S18_2957,Corporate Gift Ideas Co.,6505551386,7734 Strong St.,NULL,San Francisco,CA,NULL,USA,NA,Brown,Julie,Small
10392,37,59.95999908,3,2218.52002,10/3/2005,Shipped,1,3,2005,Vintage Cars,62,S18_2957,Mini Auto Werke,7675-3555,Kirchgasse 6,NULL,Graz,NULL,8010,Austria,EMEA,Mendel,Roland,Small
10423,31,53.72000122,3,1665.319946,30/5/05,In Process,2,5,2005,Vintage Cars,62,S18_2957,Petit Auto,(02) 5554 67,Rue Joseph-Bens 532,NULL,Bruxelles,NULL,B-1180,Belgium,EMEA,Dewey,Catherine,Small
10106,41,83.44000244,18,3421.040039,17/2/03,Shipped,1,2,2003,Ships,86,S18_3029,Rovelli Gifts,035-640555,Via Ludovico il Moro 22,NULL,Bergamo,NULL,24100,Italy,EMEA,Rovelli,Giovanni,Medium
10119,21,89.45999908,9,1878.660034,28/4/03,Shipped,2,4,2003,Ships,86,S18_3029,Salzburg Collectables,6562-9555,Geislweg 14,NULL,Salzburg,NULL,5020,Austria,EMEA,Pipps,Georg,Small
10130,40,96.33999634,2,3853.600098,16/6/03,Shipped,2,6,2003,Ships,86,S18_3029,Auto-Moto Classics Inc.,6175558428,16780 Pompton St.,NULL,Brickhaven,MA,58339,USA,NA,Taylor,Leslie,Medium
10143,46,74.83999634,13,3442.639893,10/8/2003,Shipped,3,8,2003,Ships,86,S18_3029,Mini Creations Ltd.,5085559555,4575 Hillside Dr.,NULL,New Bedford,MA,50553,USA,NA,Tam,Wing C,Medium
10155,44,79.13999939,11,3482.159912,6/10/2003,Shipped,4,10,2003,Ships,86,S18_3029,"Toys of Finland, Co.",90-224 8555,Keskuskatu 45,NULL,Helsinki,NULL,21240,Finland,EMEA,Karttunen,Matti,Medium
10167,46,73.12000275,7,3363.52002,23/10/03,Cancelled,4,10,2003,Ships,86,S18_3029,Scandinavian Gift Ideas,0695-34 6555,?kergatan 24,NULL,Boras,NULL,S-844 67,Sweden,EMEA,Larsson,Maria,Medium
10178,41,81.72000122,10,3350.52002,8/11/2003,Shipped,4,11,2003,Ships,86,S18_3029,Alpha Cognac,61.77.6555,1 rue Alsace-Lorraine,NULL,Toulouse,NULL,31000,France,EMEA,Roulet,Annette,Medium
10186,32,89.45999908,7,2862.719971,14/11/03,Shipped,4,11,2003,Ships,86,S18_3029,"Double Decker Gift Stores, Ltd",(171) 555-7555,120 Hanover Sq.,NULL,London,NULL,WA1 1DP,UK,EMEA,Hardy,Thomas,Small
10197,46,87.73999786,4,4036.040039,26/11/03,Shipped,4,11,2003,Ships,86,S18_3029,Enaco Distributors,(93) 203 4555,"Rambla de Catalu a, 23",NULL,Barcelona,NULL,8022,Spain,EMEA,Saavedra,Eduardo,Medium
10209,28,100,6,2817.919922,9/1/2004,Shipped,1,1,2004,Ships,86,S18_3029,"Men 'R' US Retailers, Ltd.",2155554369,6047 Douglas Av.,NULL,Los Angeles,CA,NULL,USA,NA,Chandler,Michael,Small
10222,49,94.62000275,10,4636.379883,19/2/04,Shipped,1,2,2004,Ships,86,S18_3029,Collectable Mini Designs Co.,7605558146,361 Furth Circle,NULL,San Diego,CA,91217,USA,NA,Thompson,Valarie,Medium
10248,21,73.98000336,1,1553.579956,7/5/2004,Cancelled,2,5,2004,Ships,86,S18_3029,Land of Toys Inc.,2125557818,897 Long Airport Avenue,NULL,NYC,NY,10022,USA,NA,Yu,Kwai,Small
10262,32,84.30000305,15,2697.600098,24/6/04,Cancelled,2,6,2004,Ships,86,S18_3029,Euro Shopping Channel,(91) 555 94 44,"C/ Moralzarzal, 86",NULL,Madrid,NULL,28034,Spain,EMEA,Freyre,Diego,Small
10273,34,98.05999756,2,3334.040039,21/7/04,Shipped,3,7,2004,Ships,86,S18_3029,Petit Auto,(02) 5554 67,Rue Joseph-Bens 532,NULL,Bruxelles,NULL,B-1180,Belgium,EMEA,Dewey,Catherine,Medium
10283,21,98.05999756,4,2059.26001,20/8/04,Shipped,3,8,2004,Ships,86,S18_3029,"Royal Canadian Collectables, Ltd.",(604) 555-4555,23 Tsawassen Blvd.,NULL,Tsawassen,BC,T2F 8M4,Canada,NA,Lincoln,Elizabeth,Small
10296,21,96.33999634,13,2023.140015,15/9/04,Shipped,3,9,2004,Ships,86,S18_3029,"Bavarian Collectables Imports, Co.",+49 89 61 08 9555,Hansastr. 15,NULL,Munich,NULL,80686,Germany,EMEA,Donnermeyer,Michael,Small
10307,31,83.44000244,7,2586.639893,14/10/04,Shipped,4,10,2004,Ships,86,S18_3029,"Classic Gift Ideas, Inc",2155554695,782 First Street,NULL,Philadelphia,PA,71270,USA,NA,Cervantes,Francisca,Small
10316,21,94.62000275,15,1987.02002,1/11/2004,Shipped,4,11,2004,Ships,86,S18_3029,giftsbymail.co.uk,(198) 555-8888,Garden House Crowther Way,NULL,Cowes,Isle of Wight,PO31 7PJ,UK,EMEA,Bennett,Helen,Small
10327,25,45.86000061,5,1146.5,10/11/2004,Resolved,4,11,2004,Ships,86,S18_3029,Danish Wholesale Imports,31 12 3555,Vinb'ltet 34,NULL,Kobenhavn,NULL,1734,Denmark,EMEA,Petersen,Jytte,Small
10338,28,82.58000183,3,2312.23999,22/11/04,Shipped,4,11,2004,Ships,86,S18_3029,Royale Belge,(071) 23 67 2555,"Boulevard Tirou, 255",NULL,Charleroi,NULL,B-6000,Belgium,EMEA,Cartrain,Pascale,Small
10350,43,64.97000122,6,2793.709961,2/12/2004,Shipped,4,12,2004,Ships,86,S18_3029,Euro Shopping Channel,(91) 555 94 44,"C/ Moralzarzal, 86",NULL,Madrid,NULL,28034,Spain,EMEA,Freyre,Diego,Small
10373,22,86.73999786,5,1908.280029,31/1/05,Shipped,1,1,2005,Ships,86,S18_3029,"Oulu Toy Supplies, Inc.",981-443655,Torikatu 38,NULL,Oulu,NULL,90110,Finland,EMEA,Koskitalo,Pirkko,Small
10386,37,93.01000214,5,3441.370117,1/3/2005,Resolved,1,3,2005,Ships,86,S18_3029,Euro Shopping Channel,(91) 555 94 44,"C/ Moralzarzal, 86",NULL,Madrid,NULL,28034,Spain,EMEA,Freyre,Diego,Medium
10398,28,72.26000214,18,2023.280029,30/3/05,Shipped,1,3,2005,Ships,86,S18_3029,Reims Collectables,26.47.1555,59 rue de l'Abbaye,NULL,Reims,NULL,51100,France,EMEA,Henriot,Paul,Small
10400,30,74.83999634,7,2245.199951,1/4/2005,Shipped,2,4,2005,Ships,86,S18_3029,The Sharp Gifts Warehouse,4085553659,3086 Ingle Ln.,NULL,San Jose,CA,94217,USA,NA,Frick,Sue,Small
10414,44,73.98000336,1,3255.120117,6/5/2005,On Hold,2,5,2005,Ships,86,S18_3029,Gifts4AllAges.com,6175559555,8616 Spinnaker Dr.,NULL,Boston,MA,51003,USA,NA,Yoshido,Juri,Medium
10103,25,100,13,2539.5,29/1/03,Shipped,1,1,2003,Vintage Cars,104,S18_3136,Baane Mini Imports,07-98 9555,Erling Skakkes gate 78,NULL,Stavern,NULL,4110,Norway,EMEA,Bergulfsen,Jonas,Small
10111,43,100,1,4818.149902,25/3/03,Shipped,1,3,2003,Vintage Cars,104,S18_3136,Mini Wheels Co.,6505555787,5557 North Pendale Street,NULL,San Francisco,CA,NULL,USA,NA,Murphy,Julie,Medium
10126,30,97.38999939,13,2921.699951,28/5/03,Shipped,2,5,2003,Vintage Cars,104,S18_3136,"Corrida Auto Replicas, Ltd",(91) 555 22 82,"C/ Araquil, 67",NULL,Madrid,NULL,28023,Spain,EMEA,Sommer,Mart n,Small
10139,20,90.05999756,2,1801.199951,16/7/03,Shipped,3,7,2003,Vintage Cars,104,S18_3136,Souveniers And Things Co.,+61 2 9495 8555,"Monitor Money Building, 815 Pacific Hwy",Level 6,Chatswood,NSW,2067,Australia,APAC,Huxley,Adrian,Small
10150,26,100,10,2804.360107,19/9/03,Shipped,3,9,2003,Vintage Cars,104,S18_3136,"Dragon Souveniers, Ltd.",+65 221 7555,"Bronz Sok., Bronz Apt. 3/6 Tesvikiye",NULL,Singapore,NULL,79903,Singapore,Japan,Natividad,Eric,Small
10163,40,100,3,4900.799805,20/10/03,Shipped,4,10,2003,Vintage Cars,104,S18_3136,Classic Legends Inc.,2125558493,5905 Pompton St.,Suite 750,NYC,NY,10022,USA,NA,Hernandez,Maria,Medium
10173,31,89.01000214,1,2759.310059,5/11/2003,Shipped,4,11,2003,Vintage Cars,104,S18_3136,Rovelli Gifts,035-640555,Via Ludovico il Moro 22,NULL,Bergamo,NULL,24100,Italy,EMEA,Rovelli,Giovanni,Small
10183,22,100,10,2488.199951,13/11/03,Shipped,4,11,2003,Vintage Cars,104,S18_3136,"Classic Gift Ideas, Inc",2155554695,782 First Street,NULL,Philadelphia,PA,71270,USA,NA,Cervantes,Francisca,Small
10193,23,100,2,2769.889893,21/11/03,Shipped,4,11,2003,Vintage Cars,104,S18_3136,"Australian Collectables, Ltd",61-9-3844-6555,7 Allen Street,NULL,Glen Waverly,Victoria,3150,Australia,APAC,Connery,Sean,Small
10206,30,100,8,3581.399902,5/12/2003,Shipped,4,12,2003,Vintage Cars,104,S18_3136,Canadian Gift Exchange Network,(604) 555-3392,1900 Oak St.,NULL,Vancouver,BC,V3F 2K1,Canada,NA,Tannamuri,Yoshi,Medium
10215,49,100,5,5285.140137,29/1/04,Shipped,1,1,2004,Vintage Cars,104,S18_3136,West Coast Collectables Co.,3105553722,3675 Furth Circle,NULL,Burbank,CA,94019,USA,NA,Thompson,Steve,Medium
10228,31,100,4,3181.530029,10/3/2004,Shipped,1,3,2004,Vintage Cars,104,S18_3136,Cambridge Collectables Co.,6175555555,4658 Baden Av.,NULL,Cambridge,MA,51247,USA,NA,Tseng,Kyung,Medium
10244,29,100,2,3340.51001,29/4/04,Shipped,2,4,2004,Vintage Cars,104,S18_3136,Euro Shopping Channel,(91) 555 94 44,"C/ Moralzarzal, 86",NULL,Madrid,NULL,28034,Spain,EMEA,Freyre,Diego,Medium
10257,37,84.81999969,2,3138.340088,14/6/04,Shipped,2,6,2004,Vintage Cars,104,S18_3136,The Sharp Gifts Warehouse,4085553659,3086 Ingle Ln.,NULL,San Jose,CA,94217,USA,NA,Frick,Sue,Medium
10270,38,100,11,4775.080078,19/7/04,Shipped,3,7,2004,Vintage Cars,104,S18_3136,Souveniers And Things Co.,+61 2 9495 8555,"Monitor Money Building, 815 Pacific Hwy",Level 6,Chatswood,NSW,2067,Australia,APAC,Huxley,Adrian,Medium
10280,29,100,4,3006.429932,17/8/04,Shipped,3,8,2004,Vintage Cars,104,S18_3136,Amica Models & Co.,011-4988555,Via Monte Bianco 34,NULL,Torino,NULL,10100,Italy,EMEA,Accorti,Paolo,Medium
10291,23,100,13,2866.26001,8/9/2004,Shipped,3,9,2004,Vintage Cars,104,S18_3136,Scandinavian Gift Ideas,0695-34 6555,?kergatan 24,NULL,Boras,NULL,S-844 67,Sweden,EMEA,Larsson,Maria,Small
10304,26,85.87000275,8,2232.620117,11/10/2004,Shipped,4,10,2004,Vintage Cars,104,S18_3136,Auto Assoc. & Cie.,30.59.8555,"67, avenue de l'Europe",NULL,Versailles,NULL,78000,France,EMEA,Tonini,Daniel,Small
10312,38,100,5,4457.02002,21/10/04,Shipped,4,10,2004,Vintage Cars,104,S18_3136,Mini Gifts Distributors Ltd.,4155551450,5677 Strong St.,NULL,San Rafael,CA,97562,USA,NA,Nelson,Valarie,Medium
10322,48,47.04000092,7,2257.919922,4/11/2004,Shipped,4,11,2004,Vintage Cars,104,S18_3136,Online Diecast Creations Co.,6035558647,2304 Long Airport Avenue,NULL,Nashua,NH,62005,USA,NA,Young,Valarie,Small
10332,40,39.79999924,18,1592,17/11/04,Shipped,4,11,2004,Vintage Cars,104,S18_3136,"AV Stores, Co.",(171) 555-1555,Fauntleroy Circus,NULL,Manchester,NULL,EC2 5NT,UK,EMEA,Ashworth,Victoria,Small
10347,45,100,11,4948.200195,29/11/04,Shipped,4,11,2004,Vintage Cars,104,S18_3136,"Australian Collectors, Co.",03 9520 4555,636 St Kilda Road,Level 3,Melbourne,Victoria,3004,Australia,APAC,Ferguson,Peter,Medium
10357,44,100,4,5160.759766,10/12/2004,Shipped,4,12,2004,Vintage Cars,104,S18_3136,Mini Gifts Distributors Ltd.,4155551450,5677 Strong St.,NULL,San Rafael,CA,97562,USA,NA,Nelson,Valarie,Medium
10369,21,94.22000122,5,1978.619995,20/1/05,Shipped,1,1,2005,Vintage Cars,104,S18_3136,Collectables For Less Inc.,6175558555,7825 Douglas Av.,NULL,Brickhaven,MA,58339,USA,NA,Nelson,Allen,Small
10381,35,100,5,4288.200195,17/2/05,Shipped,1,2,2005,Vintage Cars,104,S18_3136,Corporate Gift Ideas Co.,6505551386,7734 Strong St.,NULL,San Francisco,CA,NULL,USA,NA,Brown,Julie,Medium
10392,29,86.91999817,2,2520.679932,10/3/2005,Shipped,1,3,2005,Vintage Cars,104,S18_3136,Mini Auto Werke,7675-3555,Kirchgasse 6,NULL,Graz,NULL,8010,Austria,EMEA,Mendel,Roland,Small
10423,21,84.81999969,2,1781.219971,30/5/05,In Process,2,5,2005,Vintage Cars,104,S18_3136,Petit Auto,(02) 5554 67,Rue Joseph-Bens 532,NULL,Bruxelles,NULL,B-1180,Belgium,EMEA,Dewey,Catherine,Small
10105,22,100,11,3065.040039,11/2/2003,Shipped,1,2,2003,Vintage Cars,136,S18_3140,Danish Wholesale Imports,31 12 3555,Vinb'ltet 34,NULL,Kobenhavn,NULL,1734,Denmark,EMEA,Petersen,Jytte,Medium
10117,26,100,5,3551.340088,16/4/03,Shipped,2,4,2003,Vintage Cars,136,S18_3140,"Dragon Souveniers, Ltd.",+65 221 7555,"Bronz Sok., Bronz Apt. 3/6 Tesvikiye",NULL,Singapore,NULL,79903,Singapore,Japan,Natividad,Eric,Medium
10128,41,100,2,5544.02002,6/6/2003,Shipped,2,6,2003,Vintage Cars,136,S18_3140,Euro Shopping Channel,(91) 555 94 44,"C/ Moralzarzal, 86",NULL,Madrid,NULL,28034,Spain,EMEA,Freyre,Diego,Medium
10142,47,100,8,6034.330078,8/8/2003,Shipped,3,8,2003,Vintage Cars,136,S18_3140,Mini Gifts Distributors Ltd.,4155551450,5677 Strong St.,NULL,San Rafael,CA,97562,USA,NA,Nelson,Valarie,Medium
10153,31,100,7,3641.570068,28/9/03,Shipped,3,9,2003,Vintage Cars,136,S18_3140,Euro Shopping Channel,(91) 555 94 44,"C/ Moralzarzal, 86",NULL,Madrid,NULL,28034,Spain,EMEA,Freyre,Diego,Medium
10166,43,100,2,6930.740234,21/10/03,Shipped,4,10,2003,Vintage Cars,136,S18_3140,FunGiftIdeas.com,5085552555,1785 First Street,NULL,New Bedford,MA,50553,USA,NA,Benitez,Violeta,Medium
10177,23,100,9,3675.629883,7/11/2003,Shipped,4,11,2003,Vintage Cars,136,S18_3140,CAF Imports,+34 913 728 555,"Merchants House, 27-30 Merchant's Quay",NULL,Madrid,NULL,28023,Spain,EMEA,Fernandez,Jesus,Medium
10185,28,100,9,3442.040039,14/11/03,Shipped,4,11,2003,Vintage Cars,136,S18_3140,Mini Creations Ltd.,5085559555,4575 Hillside Dr.,NULL,New Bedford,MA,50553,USA,NA,Tam,Wing C,Medium
10196,49,100,1,6893.810059,26/11/03,Shipped,4,11,2003,Vintage Cars,136,S18_3140,Super Scale Inc.,2035559545,567 North Pendale Street,NULL,New Haven,CT,97823,USA,NA,Murphy,Leslie,Medium
10208,24,100,9,2622.47998,2/1/2004,Shipped,1,1,2004,Vintage Cars,136,S18_3140,"Saveley & Henriot, Co.",78.32.5555,"2, rue du Commerce",NULL,Lyon,NULL,69004,France,EMEA,Saveley,Mary,Small
10221,33,100,3,4417.379883,18/2/04,Shipped,1,2,2004,Vintage Cars,136,S18_3140,Petit Auto,(02) 5554 67,Rue Joseph-Bens 532,NULL,Bruxelles,NULL,B-1180,Belgium,EMEA,Dewey,Catherine,Medium
10232,22,100,6,3606.02002,20/3/04,Shipped,1,3,2004,Vintage Cars,136,S18_3140,giftsbymail.co.uk,(198) 555-8888,Garden House Crowther Way,NULL,Cowes,Isle of Wight,PO31 7PJ,UK,EMEA,Bennett,Helen,Medium
10248,32,100,12,3802.560059,7/5/2004,Cancelled,2,5,2004,Vintage Cars,136,S18_3140,Land of Toys Inc.,2125557818,897 Long Airport Avenue,NULL,NYC,NY,10022,USA,NA,Yu,Kwai,Medium
10273,40,100,13,5026.399902,21/7/04,Shipped,3,7,2004,Vintage Cars,136,S18_3140,Petit Auto,(02) 5554 67,Rue Joseph-Bens 532,NULL,Bruxelles,NULL,B-1180,Belgium,EMEA,Dewey,Catherine,Medium
10282,43,100,1,6695.529785,20/8/04,Shipped,3,8,2004,Vintage Cars,136,S18_3140,Mini Gifts Distributors Ltd.,4155551450,5677 Strong St.,NULL,San Rafael,CA,97562,USA,NA,Nelson,Valarie,Medium
10293,24,100,4,2819.280029,9/9/2004,Shipped,3,9,2004,Vintage Cars,136,S18_3140,Amica Models & Co.,011-4988555,Via Monte Bianco 34,NULL,Torino,NULL,10100,Italy,EMEA,Accorti,Paolo,Small
10306,32,100,9,3759.040039,14/10/04,Shipped,4,10,2004,Vintage Cars,136,S18_3140,"AV Stores, Co.",(171) 555-1555,Fauntleroy Circus,NULL,Manchester,NULL,EC2 5NT,UK,EMEA,Ashworth,Victoria,Medium
10314,20,100,1,2731.800049,22/10/04,Shipped,4,10,2004,Vintage Cars,136,S18_3140,Heintze Collectables,86 21 3555,Smagsloget 45,NULL,Aaarhus,NULL,8200,Denmark,EMEA,Ibsen,Palle,Small
10325,24,69.12000275,9,1658.880005,5/11/2004,Shipped,4,11,2004,Vintage Cars,136,S18_3140,Baane Mini Imports,07-98 9555,Erling Skakkes gate 78,NULL,Stavern,NULL,4110,Norway,EMEA,Bergulfsen,Jonas,Small
10336,48,100,12,5778.240234,20/11/04,Shipped,4,11,2004,Vintage Cars,136,S18_3140,"La Corne D'abondance, Co.",(1) 42.34.2555,"265, boulevard Charonne",NULL,Paris,NULL,75012,France,EMEA,Bertrand,Marie,Medium
10350,44,100,1,5191.120117,2/12/2004,Shipped,4,12,2004,Vintage Cars,136,S18_3140,Euro Shopping Channel,(91) 555 94 44,"C/ Moralzarzal, 86",NULL,Madrid,NULL,28034,Spain,EMEA,Freyre,Diego,Medium
10372,28,100,3,3862.879883,26/1/05,Shipped,1,1,2005,Vintage Cars,136,S18_3140,"Tokyo Collectables, Ltd",+81 3 3584 0555,2-2-8 Roppongi,NULL,Minato-ku,Tokyo,106-0032,Japan,Japan,Shimamura,Akiko,Medium
10383,24,61.52000046,9,1476.47998,22/2/05,Shipped,1,2,2005,Vintage Cars,136,S18_3140,Euro Shopping Channel,(91) 555 94 44,"C/ Moralzarzal, 86",NULL,Madrid,NULL,28034,Spain,EMEA,Freyre,Diego,Small
10396,33,100,2,5273.72998,23/3/05,Shipped,1,3,2005,Vintage Cars,136,S18_3140,Mini Gifts Distributors Ltd.,4155551450,5677 Strong St.,NULL,San Rafael,CA,97562,USA,NA,Nelson,Valarie,Medium
10414,41,100,12,4872.029785,6/5/2005,On Hold,2,5,2005,Vintage Cars,136,S18_3140,Gifts4AllAges.com,6175559555,8616 Spinnaker Dr.,NULL,Boston,MA,51003,USA,NA,Yoshido,Juri,Medium
10104,23,100,13,4556.990234,31/1/03,Shipped,1,1,2003,Classic Cars,169,S18_3232,Euro Shopping Channel,(91) 555 94 44,"C/ Moralzarzal, 86",NULL,Madrid,NULL,28034,Spain,EMEA,Freyre,Diego,Medium
10109,46,100,5,8257,10/3/2003,Shipped,1,3,2003,Classic Cars,169,S18_3232,Motor Mint Distributors Inc.,2155559857,11328 Douglas Av.,NULL,Philadelphia,PA,71270,USA,NA,Hernandez,Rosa,Large
10114,48,100,4,8209.44043,1/4/2003,Shipped,2,4,2003,Classic Cars,169,S18_3232,"La Corne D'abondance, Co.",(1) 42.34.2555,"265, boulevard Charonne",NULL,Paris,NULL,75012,France,EMEA,Bertrand,Marie,Large
10122,25,100,3,3598.5,8/5/2003,Shipped,2,5,2003,Classic Cars,169,S18_3232,Marseille Mini Autos,91.24.4555,"12, rue des Bouchers",NULL,Marseille,NULL,13008,France,EMEA,Lebihan,Laurence,Medium
10127,22,100,15,3837.23999,3/6/2003,Shipped,2,6,2003,Classic Cars,169,S18_3232,Muscle Machine Inc,2125557413,4092 Furth Circle,Suite 400,NYC,NY,10022,USA,NA,Young,Jeff,Medium
10136,41,100,3,8331.610352,4/7/2003,Shipped,3,7,2003,Classic Cars,169,S18_3232,Alpha Cognac,61.77.6555,1 rue Alsace-Lorraine,NULL,Toulouse,NULL,31000,France,EMEA,Roulet,Annette,Large
10141,34,100,9,4836.5,1/8/2003,Shipped,3,8,2003,Classic Cars,169,S18_3232,Suominen Souveniers,+358 9 8045 555,"Software Engineering Center, SEC Oy",NULL,Espoo,NULL,FIN-02271,Finland,EMEA,Suominen,Kalle,Medium
10148,32,100,14,5418.879883,11/9/2003,Shipped,3,9,2003,Classic Cars,169,S18_3232,"Anna's Decorations, Ltd",02 9936 8555,201 Miller Street,Level 15,North Sydney,NSW,2060,Australia,APAC,O'Hara,Anna,Medium
10151,21,100,7,3734.01001,21/9/03,Shipped,3,9,2003,Classic Cars,169,S18_3232,"Oulu Toy Supplies, Inc.",981-443655,Torikatu 38,NULL,Oulu,NULL,90110,Finland,EMEA,Koskitalo,Pirkko,Medium
10160,20,100,1,3996.399902,11/10/2003,Shipped,4,10,2003,Classic Cars,169,S18_3232,"Men 'R' US Retailers, Ltd.",2155554369,6047 Douglas Av.,NULL,Los Angeles,CA,NULL,USA,NA,Chandler,Michael,Medium
10165,47,100,16,8754.69043,22/10/03,Shipped,4,10,2003,Classic Cars,169,S18_3232,"Dragon Souveniers, Ltd.",+65 221 7555,"Bronz Sok., Bronz Apt. 3/6 Tesvikiye",NULL,Singapore,NULL,79903,Singapore,Japan,Natividad,Eric,Large
10171,39,100,3,5481.450195,5/11/2003,Shipped,4,11,2003,Classic Cars,169,S18_3232,Quebec Home Shopping Network,(514) 555-8054,43 rue St. Laurent,NULL,Montreal,Quebec,H1J 1C3,Canada,NA,Fresnisre,Jean,Medium
10175,29,100,5,4419.890137,6/11/2003,Shipped,4,11,2003,Classic Cars,169,S18_3232,"Stylish Desk Decors, Co.",(171) 555-0297,35 King George,NULL,London,NULL,WX3 6FW,UK,EMEA,Brown,Ann,Medium
10181,45,100,7,6324.75,12/11/2003,Shipped,4,11,2003,Classic Cars,169,S18_3232,Herkku Gifts,+47 2267 3215,"Drammen 121, PR 744 Sentrum",NULL,Bergen,NULL,N 5804,Norway,EMEA,Oeztan,Veysel,Medium
10184,28,100,10,4409.720215,14/11/03,Shipped,4,11,2003,Classic Cars,169,S18_3232,"Iberia Gift Imports, Corp.",(95) 555 82 82,"C/ Romero, 33",NULL,Sevilla,NULL,41101,Spain,EMEA,Roel,Jose Pedro,Medium
10192,26,100,12,3918.459961,20/11/03,Shipped,4,11,2003,Classic Cars,169,S18_3232,Online Diecast Creations Co.,6035558647,2304 Long Airport Avenue,NULL,Nashua,NH,62005,USA,NA,Young,Valarie,Medium
10195,50,100,10,7620.5,25/11/03,Shipped,4,11,2003,Classic Cars,169,S18_3232,Mini Classics,9145554562,3758 North Pendale Street,NULL,White Plains,NY,24067,USA,NA,Frick,Steve,Large
10203,48,100,1,8291.040039,2/12/2003,Shipped,4,12,2003,Classic Cars,169,S18_3232,Euro Shopping Channel,(91) 555 94 44,"C/ Moralzarzal, 86",NULL,Madrid,NULL,28034,Spain,EMEA,Freyre,Diego,Large
10207,25,100,11,3937.25,9/12/2003,Shipped,4,12,2003,Classic Cars,169,S18_3232,Diecast Collectables,6175552555,6251 Ingle Ln.,NULL,Boston,MA,51003,USA,NA,Franco,Valarie,Medium
10212,40,100,11,5554.399902,16/1/04,Shipped,1,1,2004,Classic Cars,169,S18_3232,Euro Shopping Channel,(91) 555 94 44,"C/ Moralzarzal, 86",NULL,Madrid,NULL,28034,Spain,EMEA,Freyre,Diego,Medium
10225,43,100,2,6407.859863,22/2/04,Shipped,1,2,2004,Classic Cars,169,S18_3232,"Vida Sport, Ltd",0897-034555,Grenzacherweg 237,NULL,Gensve,NULL,1203,Switzerland,EMEA,Holz,Michael,Medium
10229,22,100,5,4172.52002,11/3/2004,Shipped,1,3,2004,Classic Cars,169,S18_3232,Mini Gifts Distributors Ltd.,4155551450,5677 Strong St.,NULL,San Rafael,CA,97562,USA,NA,Nelson,Valarie,Medium
10239,47,100,1,7083.370117,12/4/2004,Shipped,2,4,2004,Classic Cars,169,S18_3232,"Oulu Toy Supplies, Inc.",981-443655,Torikatu 38,NULL,Oulu,NULL,90110,Finland,EMEA,Koskitalo,Pirkko,Large
10246,36,100,9,7132.680176,5/5/2004,Shipped,2,5,2004,Classic Cars,169,S18_3232,Euro Shopping Channel,(91) 555 94 44,"C/ Moralzarzal, 86",NULL,Madrid,NULL,28034,Spain,EMEA,Freyre,Diego,Large
10253,40,100,6,6773.600098,1/6/2004,Cancelled,2,6,2004,Classic Cars,169,S18_3232,"UK Collectables, Ltd.",(171) 555-2282,Berkeley Gardens 12  Brewery,NULL,Liverpool,NULL,WX1 6LT,UK,EMEA,Devon,Elizabeth,Medium
10259,27,100,8,3657.689941,15/6/04,Shipped,2,6,2004,Classic Cars,169,S18_3232,Handji Gifts& Co,+65 224 1555,Village Close - 106 Linden Road Sandown,2nd Floor,Singapore,NULL,69045,Singapore,APAC,Victorino,Wendy,Medium
10266,29,100,7,4812.549805,6/7/2004,Shipped,3,7,2004,Classic Cars,169,S18_3232,L'ordine Souveniers,0522-556555,Strada Provinciale 124,NULL,Reggio Emilia,NULL,42100,Italy,EMEA,Moroni,Maurizio,Medium
10271,20,100,9,3928.600098,20/7/04,Shipped,3,7,2004,Classic Cars,169,S18_3232,Mini Gifts Distributors Ltd.,4155551450,5677 Strong St.,NULL,San Rafael,CA,97562,USA,NA,Nelson,Valarie,Medium
10278,42,100,7,6401.220215,6/8/2004,Shipped,3,8,2004,Classic Cars,169,S18_3232,Signal Gift Stores,7025551838,8489 Strong St.,NULL,Las Vegas,NV,83030,USA,NA,King,Sue,Medium
10281,25,100,5,4191.25,19/8/04,Shipped,3,8,2004,Classic Cars,169,S18_3232,Diecast Classics Inc.,2155551555,7586 Pompton St.,NULL,Allentown,PA,70267,USA,NA,Yu,Kyung,Medium
10287,36,100,5,5852.52002,30/8/04,Shipped,3,8,2004,Classic Cars,169,S18_3232,"Vida Sport, Ltd",0897-034555,Grenzacherweg 237,NULL,Gensve,NULL,1203,Switzerland,EMEA,Holz,Michael,Medium
10292,21,100,12,2844.870117,8/9/2004,Shipped,3,9,2004,Classic Cars,169,S18_3232,Land of Toys Inc.,2125557818,897 Long Airport Avenue,NULL,NYC,NY,10022,USA,NA,Yu,Kwai,Small
10301,23,100,9,4011.659912,5/10/2003,Shipped,4,10,2003,Classic Cars,169,S18_3232,"Norway Gifts By Mail, Co.",+47 2212 1555,"Drammensveien 126 A, PB 744 Sentrum",NULL,Oslo,NULL,N 0106,Norway,EMEA,Klaeboe,Jan,Medium
10305,37,100,9,7455.870117,13/10/04,Shipped,4,10,2004,Classic Cars,169,S18_3232,Marta's Replicas Co.,6175558555,39323 Spinnaker Dr.,NULL,Cambridge,MA,51247,USA,NA,Hernandez,Marta,Large
10310,48,100,3,8940.959961,16/10/04,Shipped,4,10,2004,Classic Cars,169,S18_3232,"Toms Spezialitten, Ltd",0221-5554327,Mehrheimerstr. 369,NULL,Koln,NULL,50739,Germany,EMEA,Pfalzheim,Henriette,Large
10313,25,100,3,4572.25,22/10/04,Shipped,4,10,2004,Classic Cars,169,S18_3232,Canadian Gift Exchange Network,(604) 555-3392,1900 Oak St.,NULL,Vancouver,BC,V3F 2K1,Canada,NA,Tannamuri,Yoshi,Medium
10321,33,100,11,5700.089844,4/11/2004,Shipped,4,11,2004,Classic Cars,169,S18_3232,FunGiftIdeas.com,5085552555,1785 First Street,NULL,New Bedford,MA,50553,USA,NA,Benitez,Violeta,Medium
10324,27,100,12,3155.48999,5/11/2004,Shipped,4,11,2004,Classic Cars,169,S18_3232,Vitachrome Inc.,2125551500,2678 Kingston Rd.,Suite 101,NYC,NY,10022,USA,NA,Frick,Michael,Medium
10331,27,100,11,4170.689941,17/11/04,Shipped,4,11,2004,Classic Cars,169,S18_3232,Motor Mint Distributors Inc.,2155559857,11328 Douglas Av.,NULL,Philadelphia,PA,71270,USA,NA,Hernandez,Rosa,Medium
10334,20,100,3,2878.800049,19/11/04,On Hold,4,11,2004,Classic Cars,169,S18_3232,"Volvo Model Replicas, Co",0921-12 3555,Berguvsv gen  8,NULL,Lule,NULL,S-958 22,Sweden,EMEA,Berglund,Christina,Small
10342,30,100,4,5029.5,24/11/04,Shipped,4,11,2004,Classic Cars,169,S18_3232,"Australian Collectors, Co.",03 9520 4555,636 St Kilda Road,Level 3,Melbourne,Victoria,3004,Australia,APAC,Ferguson,Peter,Medium
10349,48,100,6,7396.799805,1/12/2004,Shipped,4,12,2004,Classic Cars,169,S18_3232,Muscle Machine Inc,2125557413,4092 Furth Circle,Suite 400,NYC,NY,10022,USA,NA,Young,Jeff,Large
10358,32,93.48999786,12,2991.679932,10/12/2004,Shipped,4,12,2004,Classic Cars,169,S18_3232,Euro Shopping Channel,(91) 555 94 44,"C/ Moralzarzal, 86",NULL,Madrid,NULL,28034,Spain,EMEA,Freyre,Diego,Small
10366,34,100,1,6275.720215,10/1/2005,Shipped,1,1,2005,Classic Cars,169,S18_3232,Royale Belge,(071) 23 67 2555,"Boulevard Tirou, 255",NULL,Charleroi,NULL,B-6000,Belgium,EMEA,Cartrain,Pascale,Medium
10370,27,56.84999847,9,1534.949951,20/1/05,Shipped,1,1,2005,Classic Cars,169,S18_3232,"Anna's Decorations, Ltd",02 9936 8555,201 Miller Street,Level 15,North Sydney,NSW,2060,Australia,APAC,O'Hara,Anna,Small
10377,39,100,3,7264.529785,9/2/2005,Shipped,1,2,2005,Classic Cars,169,S18_3232,"Toys of Finland, Co.",90-224 8555,Keskuskatu 45,NULL,Helsinki,NULL,21240,Finland,EMEA,Karttunen,Matti,Large
10383,47,100,6,6869.049805,22/2/05,Shipped,1,2,2005,Classic Cars,169,S18_3232,Euro Shopping Channel,(91) 555 94 44,"C/ Moralzarzal, 86",NULL,Madrid,NULL,28034,Spain,EMEA,Freyre,Diego,Medium
10394,22,100,5,3353.02002,15/3/05,Shipped,1,3,2005,Classic Cars,169,S18_3232,Euro Shopping Channel,(91) 555 94 44,"C/ Moralzarzal, 86",NULL,Madrid,NULL,28034,Spain,EMEA,Freyre,Diego,Medium
10405,55,100,1,8289.049805,14/4/05,Shipped,2,4,2005,Classic Cars,169,S18_3232,Mini Caravy,88.60.1555,"24, place Kluber",NULL,Strasbourg,NULL,67000,France,EMEA,Citeaux,Frederique,Large
10412,60,100,9,11887.7998,3/5/2005,Shipped,2,5,2005,Classic Cars,169,S18_3232,Euro Shopping Channel,(91) 555 94 44,"C/ Moralzarzal, 86",NULL,Madrid,NULL,28034,Spain,EMEA,Freyre,Diego,Large
10419,35,100,6,5926.899902,17/5/05,Shipped,2,5,2005,Classic Cars,169,S18_3232,Salzburg Collectables,6562-9555,Geislweg 14,NULL,Salzburg,NULL,5020,Austria,EMEA,Pipps,Georg,Medium
10425,28,100,8,3793.159912,31/5/05,In Process,2,5,2005,Classic Cars,169,S18_3232,La Rochelle Gifts,40.67.8555,"67, rue des Cinquante Otages",NULL,Nantes,NULL,44000,France,EMEA,Labrune,Janine,Medium
10105,38,100,13,4330.100098,11/2/2003,Shipped,1,2,2003,Trains,100,S18_3259,Danish Wholesale Imports,31 12 3555,Vinb'ltet 34,NULL,Kobenhavn,NULL,1734,Denmark,EMEA,Petersen,Jytte,Medium
10117,21,95.80000305,7,2011.800049,16/4/03,Shipped,2,4,2003,Trains,100,S18_3259,"Dragon Souveniers, Ltd.",+65 221 7555,"Bronz Sok., Bronz Apt. 3/6 Tesvikiye",NULL,Singapore,NULL,79903,Singapore,Japan,Natividad,Eric,Small
10128,41,100,4,4837.180176,6/6/2003,Shipped,2,6,2003,Trains,100,S18_3259,Euro Shopping Channel,(91) 555 94 44,"C/ Moralzarzal, 86",NULL,Madrid,NULL,28034,Spain,EMEA,Freyre,Diego,Medium
10142,22,97.80999756,10,2151.820068,8/8/2003,Shipped,3,8,2003,Trains,100,S18_3259,Mini Gifts Distributors Ltd.,4155551450,5677 Strong St.,NULL,San Rafael,CA,97562,USA,NA,Nelson,Valarie,Small
10153,29,88.73999786,9,2573.459961,28/9/03,Shipped,3,9,2003,Trains,100,S18_3259,Euro Shopping Channel,(91) 555 94 44,"C/ Moralzarzal, 86",NULL,Madrid,NULL,28034,Spain,EMEA,Freyre,Diego,Small
10165,50,100,1,5344.5,22/10/03,Shipped,4,10,2003,Trains,100,S18_3259,"Dragon Souveniers, Ltd.",+65 221 7555,"Bronz Sok., Bronz Apt. 3/6 Tesvikiye",NULL,Singapore,NULL,79903,Singapore,Japan,Natividad,Eric,Medium
10177,29,100,11,3070.52002,7/11/2003,Shipped,4,11,2003,Trains,100,S18_3259,CAF Imports,+34 913 728 555,"Merchants House, 27-30 Merchant's Quay",NULL,Madrid,NULL,28023,Spain,EMEA,Fernandez,Jesus,Medium
10185,49,80.66999817,11,3952.830078,14/11/03,Shipped,4,11,2003,Trains,100,S18_3259,Mini Creations Ltd.,5085559555,4575 Hillside Dr.,NULL,New Bedford,MA,50553,USA,NA,Tam,Wing C,Medium
10196,35,100,3,3564.75,26/11/03,Shipped,4,11,2003,Trains,100,S18_3259,Super Scale Inc.,2035559545,567 North Pendale Street,NULL,New Haven,CT,97823,USA,NA,Murphy,Leslie,Medium
10208,48,100,11,5614.560059,2/1/2004,Shipped,1,1,2004,Trains,100,S18_3259,"Saveley & Henriot, Co.",78.32.5555,"2, rue du Commerce",NULL,Lyon,NULL,69004,France,EMEA,Saveley,Mary,Medium
10221,23,80.66999817,5,1855.410034,18/2/04,Shipped,1,2,2004,Trains,100,S18_3259,Petit Auto,(02) 5554 67,Rue Joseph-Bens 532,NULL,Bruxelles,NULL,B-1180,Belgium,EMEA,Dewey,Catherine,Small
10232,48,95.80000305,8,4598.399902,20/3/04,Shipped,1,3,2004,Trains,100,S18_3259,giftsbymail.co.uk,(198) 555-8888,Garden House Crowther Way,NULL,Cowes,Isle of Wight,PO31 7PJ,UK,EMEA,Bennett,Helen,Medium
10248,42,100,14,5082.419922,7/5/2004,Cancelled,2,5,2004,Trains,100,S18_3259,Land of Toys Inc.,2125557818,897 Long Airport Avenue,NULL,NYC,NY,10022,USA,NA,Yu,Kwai,Medium
10273,47,100,15,5450.589844,21/7/04,Shipped,3,7,2004,Trains,100,S18_3259,Petit Auto,(02) 5554 67,Rue Joseph-Bens 532,NULL,Bruxelles,NULL,B-1180,Belgium,EMEA,Dewey,Catherine,Medium
10282,36,100,3,4174.919922,20/8/04,Shipped,3,8,2004,Trains,100,S18_3259,Mini Gifts Distributors Ltd.,4155551450,5677 Strong St.,NULL,San Rafael,CA,97562,USA,NA,Nelson,Valarie,Medium
10293,22,100,6,2418.23999,9/9/2004,Shipped,3,9,2004,Trains,100,S18_3259,Amica Models & Co.,011-4988555,Via Monte Bianco 34,NULL,Torino,NULL,10100,Italy,EMEA,Accorti,Paolo,Small
10306,40,91.76000214,11,3670.399902,14/10/04,Shipped,4,10,2004,Trains,100,S18_3259,"AV Stores, Co.",(171) 555-1555,Fauntleroy Circus,NULL,Manchester,NULL,EC2 5NT,UK,EMEA,Ashworth,Victoria,Medium
10314,23,100,3,2481.699951,22/10/04,Shipped,4,10,2004,Trains,100,S18_3259,Heintze Collectables,86 21 3555,Smagsloget 45,NULL,Aaarhus,NULL,8200,Denmark,EMEA,Ibsen,Palle,Small
10326,32,100,6,3807.679932,9/11/2004,Shipped,4,11,2004,Trains,100,S18_3259,"Volvo Model Replicas, Co",0921-12 3555,Berguvsv gen  8,NULL,Lule,NULL,S-958 22,Sweden,EMEA,Berglund,Christina,Medium
10336,21,100,7,2230.409912,20/11/04,Shipped,4,11,2004,Trains,100,S18_3259,"La Corne D'abondance, Co.",(1) 42.34.2555,"265, boulevard Charonne",NULL,Paris,NULL,75012,France,EMEA,Bertrand,Marie,Small
10350,41,93.04000092,2,3814.639893,2/12/2004,Shipped,4,12,2004,Trains,100,S18_3259,Euro Shopping Channel,(91) 555 94 44,"C/ Moralzarzal, 86",NULL,Madrid,NULL,28034,Spain,EMEA,Freyre,Diego,Medium
10372,25,84.70999908,5,2117.75,26/1/05,Shipped,1,1,2005,Trains,100,S18_3259,"Tokyo Collectables, Ltd",+81 3 3584 0555,2-2-8 Roppongi,NULL,Minato-ku,Tokyo,106-0032,Japan,Japan,Shimamura,Akiko,Small
10383,26,100,12,3340.47998,22/2/05,Shipped,1,2,2005,Trains,100,S18_3259,Euro Shopping Channel,(91) 555 94 44,"C/ Moralzarzal, 86",NULL,Madrid,NULL,28034,Spain,EMEA,Freyre,Diego,Medium
10396,24,89.75,4,2154,23/3/05,Shipped,1,3,2005,Trains,100,S18_3259,Mini Gifts Distributors Ltd.,4155551450,5677 Strong St.,NULL,San Rafael,CA,97562,USA,NA,Nelson,Valarie,Small
10414,48,100,14,5808.47998,6/5/2005,On Hold,2,5,2005,Trains,100,S18_3259,Gifts4AllAges.com,6175559555,8616 Spinnaker Dr.,NULL,Boston,MA,51003,USA,NA,Yoshido,Juri,Medium
10108,26,68.34999847,9,1777.099976,3/3/2003,Shipped,1,3,2003,Classic Cars,80,S18_3278,Cruz & Sons Co.,+63 2 555 3587,15 McCallum Street - NatWest Center #13-03,NULL,Makati City,NULL,1227 MM,Philippines,Japan,Cruz,Arnold,Small
10122,21,73.16999817,13,1536.569946,8/5/2003,Shipped,2,5,2003,Classic Cars,80,S18_3278,Marseille Mini Autos,91.24.4555,"12, rue des Bouchers",NULL,Marseille,NULL,13008,France,EMEA,Lebihan,Laurence,Small
10135,45,78,10,3510,2/7/2003,Shipped,3,7,2003,Classic Cars,80,S18_3278,Mini Gifts Distributors Ltd.,4155551450,5677 Strong St.,NULL,San Rafael,CA,97562,USA,NA,Nelson,Valarie,Medium
10147,36,86.04000092,10,3097.439941,5/9/2003,Shipped,3,9,2003,Classic Cars,80,S18_3278,Collectables For Less Inc.,6175558555,7825 Douglas Av.,NULL,Brickhaven,MA,58339,USA,NA,Nelson,Allen,Medium
10159,21,81.20999908,5,1705.410034,10/10/2003,Shipped,4,10,2003,Classic Cars,80,S18_3278,Corporate Gift Ideas Co.,6505551386,7734 Strong St.,NULL,San Francisco,CA,NULL,USA,NA,Brown,Julie,Small
10169,32,70.76000214,5,2264.320068,4/11/2003,Shipped,4,11,2003,Classic Cars,80,S18_3278,"Anna's Decorations, Ltd",02 9936 8555,201 Miller Street,Level 15,North Sydney,NSW,2060,Australia,APAC,O'Hara,Anna,Small
10181,30,82.81999969,17,2484.600098,12/11/2003,Shipped,4,11,2003,Classic Cars,80,S18_3278,Herkku Gifts,+47 2267 3215,"Drammen 121, PR 744 Sentrum",NULL,Bergen,NULL,N 5804,Norway,EMEA,Oeztan,Veysel,Small
10191,36,94.87999725,6,3415.679932,20/11/03,Shipped,4,11,2003,Classic Cars,80,S18_3278,"Toms Spezialitten, Ltd",0221-5554327,Mehrheimerstr. 369,NULL,Koln,NULL,50739,Germany,EMEA,Pfalzheim,Henriette,Medium
10203,33,86.04000092,11,2839.320068,2/12/2003,Shipped,4,12,2003,Classic Cars,80,S18_3278,Euro Shopping Channel,(91) 555 94 44,"C/ Moralzarzal, 86",NULL,Madrid,NULL,28034,Spain,EMEA,Freyre,Diego,Small
10211,35,78,5,2730,15/1/04,Shipped,1,1,2004,Classic Cars,80,S18_3278,Auto Canal Petit,(1) 47.55.6555,"25, rue Lauriston",NULL,Paris,NULL,75016,France,EMEA,Perrier,Dominique,Small
10225,37,95.69000244,12,3540.530029,22/2/04,Shipped,1,2,2004,Classic Cars,80,S18_3278,"Vida Sport, Ltd",0897-034555,Grenzacherweg 237,NULL,Gensve,NULL,1203,Switzerland,EMEA,Holz,Michael,Medium
10238,41,73.16999817,6,2999.969971,9/4/2004,Shipped,2,4,2004,Classic Cars,80,S18_3278,Danish Wholesale Imports,31 12 3555,Vinb'ltet 34,NULL,Kobenhavn,NULL,1734,Denmark,EMEA,Petersen,Jytte,Small
10252,20,76.38999939,2,1527.800049,26/5/04,Shipped,2,5,2004,Classic Cars,80,S18_3278,Auto Canal Petit,(1) 47.55.6555,"25, rue Lauriston",NULL,Paris,NULL,75016,France,EMEA,Perrier,Dominique,Small
10265,45,86.83999634,2,3907.800049,2/7/2004,Shipped,3,7,2004,Classic Cars,80,S18_3278,"Australian Collectables, Ltd",61-9-3844-6555,7 Allen Street,NULL,Glen Waverly,Victoria,3150,Australia,APAC,Connery,Sean,Medium
10276,38,69.95999908,6,2658.47998,2/8/2004,Shipped,3,8,2004,Classic Cars,80,S18_3278,Online Mini Collectables,6175557555,7635 Spinnaker Dr.,NULL,Brickhaven,MA,58339,USA,NA,Barajas,Miguel,Small
10287,43,70.76000214,15,3042.679932,30/8/04,Shipped,3,8,2004,Classic Cars,80,S18_3278,"Vida Sport, Ltd",0897-034555,Grenzacherweg 237,NULL,Gensve,NULL,1203,Switzerland,EMEA,Holz,Michael,Medium
10300,49,78.80000305,8,3861.199951,4/10/2003,Shipped,4,10,2003,Classic Cars,80,S18_3278,"Blauer See Auto, Co.",+49 69 66 90 2555,Lyonerstr. 34,NULL,Frankfurt,NULL,60528,Germany,EMEA,Keitel,Roland,Medium
10310,27,80.41000366,13,2171.070068,16/10/04,Shipped,4,10,2004,Classic Cars,80,S18_3278,"Toms Spezialitten, Ltd",0221-5554327,Mehrheimerstr. 369,NULL,Koln,NULL,50739,Germany,EMEA,Pfalzheim,Henriette,Small
10319,46,73.98000336,1,3403.080078,3/11/2004,Shipped,4,11,2004,Classic Cars,80,S18_3278,Microscale Inc.,2125551957,5290 North Pendale Street,Suite 200,NYC,NY,10022,USA,NA,Kuo,Kee,Medium
10329,38,59.09999847,10,2245.800049,15/11/04,Shipped,4,11,2004,Classic Cars,80,S18_3278,Land of Toys Inc.,2125557818,897 Long Airport Avenue,NULL,NYC,NY,10022,USA,NA,Yu,Kwai,Small
10342,25,66.73999786,5,1668.5,24/11/04,Shipped,4,11,2004,Classic Cars,80,S18_3278,"Australian Collectors, Co.",03 9520 4555,636 St Kilda Road,Level 3,Melbourne,Victoria,3004,Australia,APAC,Ferguson,Peter,Small
10363,46,60.29999924,10,2773.800049,6/1/2005,Shipped,1,1,2005,Classic Cars,80,S18_3278,Suominen Souveniers,+358 9 8045 555,"Software Engineering Center, SEC Oy",NULL,Espoo,NULL,FIN-02271,Finland,EMEA,Suominen,Kalle,Small
10378,22,100,4,2464,10/2/2005,Shipped,1,2,2005,Classic Cars,80,S18_3278,Euro Shopping Channel,(91) 555 94 44,"C/ Moralzarzal, 86",NULL,Madrid,NULL,28034,Spain,EMEA,Freyre,Diego,Small
10390,40,100,9,5491.600098,4/3/2005,Shipped,1,3,2005,Classic Cars,80,S18_3278,Mini Gifts Distributors Ltd.,4155551450,5677 Strong St.,NULL,San Rafael,CA,97562,USA,NA,Nelson,Valarie,Medium
10103,46,100,16,4791.819824,29/1/03,Shipped,1,1,2003,Vintage Cars,99,S18_3320,Baane Mini Imports,07-98 9555,Erling Skakkes gate 78,NULL,Stavern,NULL,4110,Norway,EMEA,Bergulfsen,Jonas,Medium
10111,39,100,4,4178.850098,25/3/03,Shipped,1,3,2003,Vintage Cars,99,S18_3320,Mini Wheels Co.,6505555787,5557 North Pendale Street,NULL,San Francisco,CA,NULL,USA,NA,Murphy,Julie,Medium
10126,38,82.33999634,16,3128.919922,28/5/03,Shipped,2,5,2003,Vintage Cars,99,S18_3320,"Corrida Auto Replicas, Ltd",(91) 555 22 82,"C/ Araquil, 67",NULL,Madrid,NULL,28023,Spain,EMEA,Sommer,Mart n,Medium
10139,30,100,5,3095.399902,16/7/03,Shipped,3,7,2003,Vintage Cars,99,S18_3320,Souveniers And Things Co.,+61 2 9495 8555,"Monitor Money Building, 815 Pacific Hwy",Level 6,Chatswood,NSW,2067,Australia,APAC,Huxley,Adrian,Medium
10149,42,94.25,2,3958.5,12/9/2003,Shipped,3,9,2003,Vintage Cars,99,S18_3320,Signal Collectibles Ltd.,4155554312,2793 Furth Circle,NULL,Brisbane,CA,94217,USA,NA,Taylor,Sue,Medium
10163,43,100,6,4991.439941,20/10/03,Shipped,4,10,2003,Vintage Cars,99,S18_3320,Classic Legends Inc.,2125558493,5905 Pompton St.,Suite 750,NYC,NY,10022,USA,NA,Hernandez,Maria,Medium
10173,29,95.23999786,4,2761.959961,5/11/2003,Shipped,4,11,2003,Vintage Cars,99,S18_3320,Rovelli Gifts,035-640555,Via Ludovico il Moro 22,NULL,Bergamo,NULL,24100,Italy,EMEA,Rovelli,Giovanni,Small
10182,33,86.30999756,1,2848.22998,12/11/2003,Shipped,4,11,2003,Vintage Cars,99,S18_3320,Mini Gifts Distributors Ltd.,4155551450,5677 Strong St.,NULL,San Rafael,CA,97562,USA,NA,Nelson,Valarie,Small
10193,32,79.37000275,5,2539.840088,21/11/03,Shipped,4,11,2003,Vintage Cars,99,S18_3320,"Australian Collectables, Ltd",61-9-3844-6555,7 Allen Street,NULL,Glen Waverly,Victoria,3150,Australia,APAC,Connery,Sean,Small
10206,28,87.30000305,11,2444.399902,5/12/2003,Shipped,4,12,2003,Vintage Cars,99,S18_3320,Canadian Gift Exchange Network,(604) 555-3392,1900 Oak St.,NULL,Vancouver,BC,V3F 2K1,Canada,NA,Tannamuri,Yoshi,Small
10215,41,100,8,4555.919922,29/1/04,Shipped,1,1,2004,Vintage Cars,99,S18_3320,West Coast Collectables Co.,3105553722,3675 Furth Circle,NULL,Burbank,CA,94019,USA,NA,Thompson,Steve,Medium
10227,33,100,1,3666.959961,2/3/2004,Shipped,1,3,2004,Vintage Cars,99,S18_3320,"Saveley & Henriot, Co.",78.32.5555,"2, rue du Commerce",NULL,Lyon,NULL,69004,France,EMEA,Saveley,Mary,Medium
10244,36,84.33000183,5,3035.879883,29/4/04,Shipped,2,4,2004,Vintage Cars,99,S18_3320,Euro Shopping Channel,(91) 555 94 44,"C/ Moralzarzal, 86",NULL,Madrid,NULL,28034,Spain,EMEA,Freyre,Diego,Medium
10257,26,89.29000092,5,2321.540039,14/6/04,Shipped,2,6,2004,Vintage Cars,99,S18_3320,The Sharp Gifts Warehouse,4085553659,3086 Ingle Ln.,NULL,San Jose,CA,94217,USA,NA,Frick,Sue,Small
10280,34,100,7,3474.459961,17/8/04,Shipped,3,8,2004,Vintage Cars,99,S18_3320,Amica Models & Co.,011-4988555,Via Monte Bianco 34,NULL,Torino,NULL,10100,Italy,EMEA,Accorti,Paolo,Medium
10290,26,96.23000336,2,2501.97998,7/9/2004,Shipped,3,9,2004,Vintage Cars,99,S18_3320,Auto-Moto Classics Inc.,6175558428,16780 Pompton St.,NULL,Brickhaven,MA,58339,USA,NA,Taylor,Leslie,Small
10304,38,100,11,3958.459961,11/10/2004,Shipped,4,10,2004,Vintage Cars,99,S18_3320,Auto Assoc. & Cie.,30.59.8555,"67, avenue de l'Europe",NULL,Versailles,NULL,78000,France,EMEA,Tonini,Daniel,Medium
10312,33,100,8,3535.949951,21/10/04,Shipped,4,10,2004,Vintage Cars,99,S18_3320,Mini Gifts Distributors Ltd.,4155551450,5677 Strong St.,NULL,San Rafael,CA,97562,USA,NA,Nelson,Valarie,Medium
10323,33,91.26999664,2,3011.909912,5/11/2004,Shipped,4,11,2004,Vintage Cars,99,S18_3320,"Blauer See Auto, Co.",+49 69 66 90 2555,Lyonerstr. 34,NULL,Frankfurt,NULL,60528,Germany,EMEA,Keitel,Roland,Medium
10333,46,100,2,11336.7002,18/11/04,Shipped,4,11,2004,Vintage Cars,99,S18_3320,Mini Wheels Co.,6505555787,5557 North Pendale Street,NULL,San Francisco,CA,NULL,USA,NA,Murphy,Julie,Large
10347,26,100,12,2656.939941,29/11/04,Shipped,4,11,2004,Vintage Cars,99,S18_3320,"Australian Collectors, Co.",03 9520 4555,636 St Kilda Road,Level 3,Melbourne,Victoria,3004,Australia,APAC,Ferguson,Peter,Small
10357,25,100,3,2604.25,10/12/2004,Shipped,4,12,2004,Vintage Cars,99,S18_3320,Mini Gifts Distributors Ltd.,4155551450,5677 Strong St.,NULL,San Rafael,CA,97562,USA,NA,Nelson,Valarie,Small
10369,45,73.08000183,4,3288.600098,20/1/05,Shipped,1,1,2005,Vintage Cars,99,S18_3320,Collectables For Less Inc.,6175558555,7825 Douglas Av.,NULL,Brickhaven,MA,58339,USA,NA,Nelson,Allen,Medium
10382,50,100,7,8935.5,17/2/05,Shipped,1,2,2005,Vintage Cars,99,S18_3320,Mini Gifts Distributors Ltd.,4155551450,5677 Strong St.,NULL,San Rafael,CA,97562,USA,NA,Nelson,Valarie,Large
10392,36,100,1,4035.959961,10/3/2005,Shipped,1,3,2005,Vintage Cars,99,S18_3320,Mini Auto Werke,7675-3555,Kirchgasse 6,NULL,Graz,NULL,8010,Austria,EMEA,Mendel,Roland,Medium
10423,21,89.29000092,5,1875.089966,30/5/05,In Process,2,5,2005,Vintage Cars,99,S18_3320,Petit Auto,(02) 5554 67,Rue Joseph-Bens 532,NULL,Bruxelles,NULL,B-1180,Belgium,EMEA,Dewey,Catherine,Small
10108,29,100,8,4049.560059,3/3/2003,Shipped,1,3,2003,Classic Cars,146,S18_3482,Cruz & Sons Co.,+63 2 555 3587,15 McCallum Street - NatWest Center #13-03,NULL,Makati City,NULL,1227 MM,Philippines,Japan,Cruz,Arnold,Medium
10122,21,100,12,2469.389893,8/5/2003,Shipped,2,5,2003,Classic Cars,146,S18_3482,Marseille Mini Autos,91.24.4555,"12, rue des Bouchers",NULL,Marseille,NULL,13008,France,EMEA,Lebihan,Laurence,Small
10135,42,100,9,5432.700195,2/7/2003,Shipped,3,7,2003,Classic Cars,146,S18_3482,Mini Gifts Distributors Ltd.,4155551450,5677 Strong St.,NULL,San Rafael,CA,97562,USA,NA,Nelson,Valarie,Medium
10147,37,100,9,4405.220215,5/9/2003,Shipped,3,9,2003,Classic Cars,146,S18_3482,Collectables For Less Inc.,6175558555,7825 Douglas Av.,NULL,Brickhaven,MA,58339,USA,NA,Nelson,Allen,Medium
10159,25,100,4,3638,10/10/2003,Shipped,4,10,2003,Classic Cars,146,S18_3482,Corporate Gift Ideas Co.,6505551386,7734 Strong St.,NULL,San Francisco,CA,NULL,USA,NA,Brown,Julie,Medium
10169,36,100,4,4444.919922,4/11/2003,Shipped,4,11,2003,Classic Cars,146,S18_3482,"Anna's Decorations, Ltd",02 9936 8555,201 Miller Street,Level 15,North Sydney,NSW,2060,Australia,APAC,O'Hara,Anna,Medium
10181,22,100,16,3395.47998,12/11/2003,Shipped,4,11,2003,Classic Cars,146,S18_3482,Herkku Gifts,+47 2267 3215,"Drammen 121, PR 744 Sentrum",NULL,Bergen,NULL,N 5804,Norway,EMEA,Oeztan,Veysel,Medium
10191,23,100,5,3414.580078,20/11/03,Shipped,4,11,2003,Classic Cars,146,S18_3482,"Toms Spezialitten, Ltd",0221-5554327,Mehrheimerstr. 369,NULL,Koln,NULL,50739,Germany,EMEA,Pfalzheim,Henriette,Medium
10203,32,100,10,5127.040039,2/12/2003,Shipped,4,12,2003,Classic Cars,146,S18_3482,Euro Shopping Channel,(91) 555 94 44,"C/ Moralzarzal, 86",NULL,Madrid,NULL,28034,Spain,EMEA,Freyre,Diego,Medium
10211,28,100,4,3745.280029,15/1/04,Shipped,1,1,2004,Classic Cars,146,S18_3482,Auto Canal Petit,(1) 47.55.6555,"25, rue Lauriston",NULL,Paris,NULL,75016,France,EMEA,Perrier,Dominique,Medium
10225,27,100,11,4564.080078,22/2/04,Shipped,1,2,2004,Classic Cars,146,S18_3482,"Vida Sport, Ltd",0897-034555,Grenzacherweg 237,NULL,Gensve,NULL,1203,Switzerland,EMEA,Holz,Michael,Medium
10238,49,100,5,6554.240234,9/4/2004,Shipped,2,4,2004,Classic Cars,146,S18_3482,Danish Wholesale Imports,31 12 3555,Vinb'ltet 34,NULL,Kobenhavn,NULL,1734,Denmark,EMEA,Petersen,Jytte,Medium
10252,41,100,1,6749.830078,26/5/04,Shipped,2,5,2004,Classic Cars,146,S18_3482,Auto Canal Petit,(1) 47.55.6555,"25, rue Lauriston",NULL,Paris,NULL,75016,France,EMEA,Perrier,Dominique,Medium
10265,49,100,1,8427.019531,2/7/2004,Shipped,3,7,2004,Classic Cars,146,S18_3482,"Australian Collectables, Ltd",61-9-3844-6555,7 Allen Street,NULL,Glen Waverly,Victoria,3150,Australia,APAC,Connery,Sean,Large
10276,30,100,5,3924.600098,2/8/2004,Shipped,3,8,2004,Classic Cars,146,S18_3482,Online Mini Collectables,6175557555,7635 Spinnaker Dr.,NULL,Brickhaven,MA,58339,USA,NA,Barajas,Miguel,Medium
10287,40,100,14,6761.600098,30/8/04,Shipped,3,8,2004,Classic Cars,146,S18_3482,"Vida Sport, Ltd",0897-034555,Grenzacherweg 237,NULL,Gensve,NULL,1203,Switzerland,EMEA,Holz,Michael,Medium
10300,23,100,7,3786.48999,4/10/2003,Shipped,4,10,2003,Classic Cars,146,S18_3482,"Blauer See Auto, Co.",+49 69 66 90 2555,Lyonerstr. 34,NULL,Frankfurt,NULL,60528,Germany,EMEA,Keitel,Roland,Medium
10310,49,100,12,6266.120117,16/10/04,Shipped,4,10,2004,Classic Cars,146,S18_3482,"Toms Spezialitten, Ltd",0221-5554327,Mehrheimerstr. 369,NULL,Koln,NULL,50739,Germany,EMEA,Pfalzheim,Henriette,Medium
10320,25,100,5,3491,3/11/2004,Shipped,4,11,2004,Classic Cars,146,S18_3482,"Volvo Model Replicas, Co",0921-12 3555,Berguvsv gen  8,NULL,Lule,NULL,S-958 22,Sweden,EMEA,Berglund,Christina,Medium
10330,37,100,3,4405.220215,16/11/04,Shipped,4,11,2004,Classic Cars,146,S18_3482,Cruz & Sons Co.,+63 2 555 3587,15 McCallum Street - NatWest Center #13-03,NULL,Makati City,NULL,1227 MM,Philippines,Japan,Cruz,Arnold,Medium
10342,55,100,7,6548.299805,24/11/04,Shipped,4,11,2004,Classic Cars,146,S18_3482,"Australian Collectors, Co.",03 9520 4555,636 St Kilda Road,Level 3,Melbourne,Victoria,3004,Australia,APAC,Ferguson,Peter,Medium
10355,23,100,7,3177.909912,7/12/2004,Shipped,4,12,2004,Classic Cars,146,S18_3482,Euro Shopping Channel,(91) 555 94 44,"C/ Moralzarzal, 86",NULL,Madrid,NULL,28034,Spain,EMEA,Freyre,Diego,Medium
10363,24,100,11,4142.640137,6/1/2005,Shipped,1,1,2005,Classic Cars,146,S18_3482,Suominen Souveniers,+358 9 8045 555,"Software Engineering Center, SEC Oy",NULL,Espoo,NULL,FIN-02271,Finland,EMEA,Suominen,Kalle,Medium
10378,43,96.48999786,10,4149.069824,10/2/2005,Shipped,1,2,2005,Classic Cars,146,S18_3482,Euro Shopping Channel,(91) 555 94 44,"C/ Moralzarzal, 86",NULL,Madrid,NULL,28034,Spain,EMEA,Freyre,Diego,Medium
10390,50,100,1,7397,4/3/2005,Shipped,1,3,2005,Classic Cars,146,S18_3482,Mini Gifts Distributors Ltd.,4155551450,5677 Strong St.,NULL,San Rafael,CA,97562,USA,NA,Nelson,Valarie,Large
10109,47,100,2,6241.600098,10/3/2003,Shipped,1,3,2003,Classic Cars,141,S18_3685,Motor Mint Distributors Inc.,2155559857,11328 Douglas Av.,NULL,Philadelphia,PA,71270,USA,NA,Hernandez,Rosa,Medium
10123,34,100,4,5331.879883,20/5/03,Shipped,2,5,2003,Classic Cars,141,S18_3685,Atelier graphique,40.32.2555,"54, rue Royale",NULL,Nantes,NULL,44000,France,EMEA,Schmitt,Carine,Medium
10137,31,100,4,5124.299805,10/7/2003,Shipped,3,7,2003,Classic Cars,141,S18_3685,Reims Collectables,26.47.1555,59 rue de l'Abbaye,NULL,Reims,NULL,51100,France,EMEA,Henriot,Paul,Medium
10148,28,100,11,3639.439941,11/9/2003,Shipped,3,9,2003,Classic Cars,141,S18_3685,"Anna's Decorations, Ltd",02 9936 8555,201 Miller Street,Level 15,North Sydney,NSW,2060,Australia,APAC,O'Hara,Anna,Medium
10161,36,100,10,5544,17/10/03,Shipped,4,10,2003,Classic Cars,141,S18_3685,Heintze Collectables,86 21 3555,Smagsloget 45,NULL,Aaarhus,NULL,8200,Denmark,EMEA,Ibsen,Palle,Medium
10172,48,100,8,5493.120117,5/11/2003,Shipped,4,11,2003,Classic Cars,141,S18_3685,Gift Depot Inc.,2035552570,25593 South Bay Ln.,NULL,Bridgewater,CT,97562,USA,NA,King,Julie,Medium
10181,39,100,4,5785.259766,12/11/2003,Shipped,4,11,2003,Classic Cars,141,S18_3685,Herkku Gifts,+47 2267 3215,"Drammen 121, PR 744 Sentrum",NULL,Bergen,NULL,N 5804,Norway,EMEA,Oeztan,Veysel,Medium
10192,45,100,9,5340.600098,20/11/03,Shipped,4,11,2003,Classic Cars,141,S18_3685,Online Diecast Creations Co.,6035558647,2304 Long Airport Avenue,NULL,Nashua,NH,62005,USA,NA,Young,Valarie,Medium
10204,35,100,15,5735.799805,2/12/2003,Shipped,4,12,2003,Classic Cars,141,S18_3685,Muscle Machine Inc,2125557413,4092 Furth Circle,Suite 400,NYC,NY,10022,USA,NA,Young,Jeff,Medium
10212,45,100,8,6357.600098,16/1/04,Shipped,1,1,2004,Classic Cars,141,S18_3685,Euro Shopping Channel,(91) 555 94 44,"C/ Moralzarzal, 86",NULL,Madrid,NULL,28034,Spain,EMEA,Freyre,Diego,Medium
10226,46,100,6,7343.899902,26/2/04,Shipped,1,2,2004,Classic Cars,141,S18_3685,Collectable Mini Designs Co.,7605558146,361 Furth Circle,NULL,San Diego,CA,91217,USA,NA,Thompson,Valarie,Large
10240,37,100,1,5959.220215,13/4/04,Shipped,2,4,2004,Classic Cars,141,S18_3685,Osaka Souveniers Co.,+81 06 6342 5555,"Dojima Avanza 4F, 1-6-20 Dojima, Kita-ku",NULL,Osaka,Osaka,530-0003,Japan,Japan,Kentary,Mory,Medium
10253,31,100,3,4029.379883,1/6/2004,Cancelled,2,6,2004,Classic Cars,141,S18_3685,"UK Collectables, Ltd.",(171) 555-2282,Berkeley Gardens 12  Brewery,NULL,Liverpool,NULL,WX1 6LT,UK,EMEA,Devon,Elizabeth,Medium
10266,33,100,4,5035.140137,6/7/2004,Shipped,3,7,2004,Classic Cars,141,S18_3685,L'ordine Souveniers,0522-556555,Strada Provinciale 124,NULL,Reggio Emilia,NULL,42100,Italy,EMEA,Moroni,Maurizio,Medium
10278,31,100,4,4116.799805,6/8/2004,Shipped,3,8,2004,Classic Cars,141,S18_3685,Signal Gift Stores,7025551838,8489 Strong St.,NULL,Las Vegas,NV,83030,USA,NA,King,Sue,Medium
10287,27,100,2,4310.549805,30/8/04,Shipped,3,8,2004,Classic Cars,141,S18_3685,"Vida Sport, Ltd",0897-034555,Grenzacherweg 237,NULL,Gensve,NULL,1203,Switzerland,EMEA,Holz,Michael,Medium
10301,39,100,6,6446.700195,5/10/2003,Shipped,4,10,2003,Classic Cars,141,S18_3685,"Norway Gifts By Mail, Co.",+47 2212 1555,"Drammensveien 126 A, PB 744 Sentrum",NULL,Oslo,NULL,N 0106,Norway,EMEA,Klaeboe,Jan,Medium
10311,32,100,11,3616.639893,16/10/04,Shipped,4,10,2004,Classic Cars,141,S18_3685,Euro Shopping Channel,(91) 555 94 44,"C/ Moralzarzal, 86",NULL,Madrid,NULL,28034,Spain,EMEA,Freyre,Diego,Medium
10321,28,100,8,4232.759766,4/11/2004,Shipped,4,11,2004,Classic Cars,141,S18_3685,FunGiftIdeas.com,5085552555,1785 First Street,NULL,New Bedford,MA,50553,USA,NA,Benitez,Violeta,Medium
10331,26,67.91000366,12,1765.660034,17/11/04,Shipped,4,11,2004,Classic Cars,141,S18_3685,Motor Mint Distributors Inc.,2155559857,11328 Douglas Av.,NULL,Philadelphia,PA,71270,USA,NA,Hernandez,Rosa,Small
10343,44,84.87999725,2,3734.719971,24/11/04,Shipped,4,11,2004,Classic Cars,141,S18_3685,Reims Collectables,26.47.1555,59 rue de l'Abbaye,NULL,Reims,NULL,51100,France,EMEA,Henriot,Paul,Medium
10367,46,100,6,4808.379883,12/1/2005,Resolved,1,1,2005,Classic Cars,141,S18_3685,Toys4GrownUps.com,6265557265,78934 Hillside Dr.,NULL,Pasadena,CA,90003,USA,NA,Young,Julie,Medium
10379,32,70.83000183,4,2266.560059,10/2/2005,Shipped,1,2,2005,Classic Cars,141,S18_3685,Euro Shopping Channel,(91) 555 94 44,"C/ Moralzarzal, 86",NULL,Madrid,NULL,28034,Spain,EMEA,Freyre,Diego,Small
10406,65,100,1,10468.90039,15/4/05,Disputed,2,4,2005,Classic Cars,141,S18_3685,Danish Wholesale Imports,31 12 3555,Vinb'ltet 34,NULL,Kobenhavn,NULL,1734,Denmark,EMEA,Petersen,Jytte,Large
10419,43,100,3,5589.140137,17/5/05,Shipped,2,5,2005,Classic Cars,141,S18_3685,Salzburg Collectables,6562-9555,Geislweg 14,NULL,Salzburg,NULL,5020,Austria,EMEA,Pipps,Georg,Medium
10108,43,67.76999664,12,2914.110107,3/3/2003,Shipped,1,3,2003,Motorcycles,62,S18_3782,Cruz & Sons Co.,+63 2 555 3587,15 McCallum Street - NatWest Center #13-03,NULL,Makati City,NULL,1227 MM,Philippines,Japan,Cruz,Arnold,Small
10122,35,49.74000168,16,1740.900024,8/5/2003,Shipped,2,5,2003,Motorcycles,62,S18_3782,Marseille Mini Autos,91.24.4555,"12, rue des Bouchers",NULL,Marseille,NULL,13008,France,EMEA,Lebihan,Laurence,Small
10135,45,50.36000061,13,2266.199951,2/7/2003,Shipped,3,7,2003,Motorcycles,62,S18_3782,Mini Gifts Distributors Ltd.,4155551450,5677 Strong St.,NULL,San Rafael,CA,97562,USA,NA,Nelson,Valarie,Small
10146,47,67.13999939,2,3155.580078,3/9/2003,Shipped,3,9,2003,Motorcycles,62,S18_3782,Gift Ideas Corp.,2035554407,2440 Pompton St.,NULL,Glendale,CT,97561,USA,NA,Lewis,Dan,Medium
10159,21,64.66000366,8,1357.859985,10/10/2003,Shipped,4,10,2003,Motorcycles,62,S18_3782,Corporate Gift Ideas Co.,6505551386,7734 Strong St.,NULL,San Francisco,CA,NULL,USA,NA,Brown,Julie,Small
10169,38,68.38999939,8,2598.820068,4/11/2003,Shipped,4,11,2003,Motorcycles,62,S18_3782,"Anna's Decorations, Ltd",02 9936 8555,201 Miller Street,Level 15,North Sydney,NSW,2060,Australia,APAC,O'Hara,Anna,Small
10180,21,50.36000061,3,1057.560059,11/11/2003,Shipped,4,11,2003,Motorcycles,62,S18_3782,Daedalus Designs Imports,20.16.1555,"184, chausse de Tournai",NULL,Lille,NULL,59000,France,EMEA,Rance,Martine,Small
10191,43,72.73999786,9,3127.820068,20/11/03,Shipped,4,11,2003,Motorcycles,62,S18_3782,"Toms Spezialitten, Ltd",0221-5554327,Mehrheimerstr. 369,NULL,Koln,NULL,50739,Germany,EMEA,Pfalzheim,Henriette,Medium
10211,46,54.09000015,8,2488.139893,15/1/04,Shipped,1,1,2004,Motorcycles,62,S18_3782,Auto Canal Petit,(1) 47.55.6555,"25, rue Lauriston",NULL,Paris,NULL,75016,France,EMEA,Perrier,Dominique,Small
10224,38,58.43999863,1,2220.719971,21/2/04,Shipped,1,2,2004,Motorcycles,62,S18_3782,Daedalus Designs Imports,20.16.1555,"184, chausse de Tournai",NULL,Lille,NULL,59000,France,EMEA,Rance,Martine,Small
10237,26,52.22000122,1,1357.719971,5/4/2004,Shipped,2,4,2004,Motorcycles,62,S18_3782,Vitachrome Inc.,2125551500,2678 Kingston Rd.,Suite 101,NYC,NY,10022,USA,NA,Frick,Michael,Small
10252,31,52.84000015,5,1638.040039,26/5/04,Shipped,2,5,2004,Motorcycles,62,S18_3782,Auto Canal Petit,(1) 47.55.6555,"25, rue Lauriston",NULL,Paris,NULL,75016,France,EMEA,Perrier,Dominique,Small
10264,48,54.70999908,3,2626.080078,30/6/04,Shipped,2,6,2004,Motorcycles,62,S18_3782,Gifts4AllAges.com,6175559555,8616 Spinnaker Dr.,NULL,Boston,MA,51003,USA,NA,Yoshido,Juri,Small
10276,33,50.36000061,9,1661.880005,2/8/2004,Shipped,3,8,2004,Motorcycles,62,S18_3782,Online Mini Collectables,6175557555,7635 Spinnaker Dr.,NULL,Brickhaven,MA,58339,USA,NA,Barajas,Miguel,Small
10286,38,57.20000076,1,2173.600098,28/8/04,Shipped,3,8,2004,Motorcycles,62,S18_3782,"La Corne D'abondance, Co.",(1) 42.34.2555,"265, boulevard Charonne",NULL,Paris,NULL,75012,France,EMEA,Bertrand,Marie,Small
10299,39,55.95000076,3,2182.050049,30/9/04,Shipped,3,9,2004,Motorcycles,62,S18_3782,"Toys of Finland, Co.",90-224 8555,Keskuskatu 45,NULL,Helsinki,NULL,21240,Finland,EMEA,Karttunen,Matti,Small
10310,42,67.13999939,16,2819.879883,16/10/04,Shipped,4,10,2004,Motorcycles,62,S18_3782,"Toms Spezialitten, Ltd",0221-5554327,Mehrheimerstr. 369,NULL,Koln,NULL,50739,Germany,EMEA,Pfalzheim,Henriette,Small
10319,44,59.06000137,4,2598.639893,3/11/2004,Shipped,4,11,2004,Motorcycles,62,S18_3782,Microscale Inc.,2125551957,5290 North Pendale Street,Suite 200,NYC,NY,10022,USA,NA,Kuo,Kee,Small
10330,29,69.62999725,2,2019.27002,16/11/04,Shipped,4,11,2004,Motorcycles,62,S18_3782,Cruz & Sons Co.,+63 2 555 3587,15 McCallum Street - NatWest Center #13-03,NULL,Makati City,NULL,1227 MM,Philippines,Japan,Cruz,Arnold,Small
10342,26,55.95000076,8,1454.699951,24/11/04,Shipped,4,11,2004,Motorcycles,62,S18_3782,"Australian Collectors, Co.",03 9520 4555,636 St Kilda Road,Level 3,Melbourne,Victoria,3004,Australia,APAC,Ferguson,Peter,Small
10355,31,53.47000122,1,1657.569946,7/12/2004,Shipped,4,12,2004,Motorcycles,62,S18_3782,Euro Shopping Channel,(91) 555 94 44,"C/ Moralzarzal, 86",NULL,Madrid,NULL,28034,Spain,EMEA,Freyre,Diego,Small
10363,32,89.12000275,12,2851.840088,6/1/2005,Shipped,1,1,2005,Motorcycles,62,S18_3782,Suominen Souveniers,+358 9 8045 555,"Software Engineering Center, SEC Oy",NULL,Espoo,NULL,FIN-02271,Finland,EMEA,Suominen,Kalle,Small
10378,28,100,9,4609.640137,10/2/2005,Shipped,1,2,2005,Motorcycles,62,S18_3782,Euro Shopping Channel,(91) 555 94 44,"C/ Moralzarzal, 86",NULL,Madrid,NULL,28034,Spain,EMEA,Freyre,Diego,Medium
10390,36,100,2,5079.959961,4/3/2005,Shipped,1,3,2005,Motorcycles,62,S18_3782,Mini Gifts Distributors Ltd.,4155551450,5677 Strong St.,NULL,San Rafael,CA,97562,USA,NA,Nelson,Valarie,Medium
10403,36,52.22000122,1,1879.920044,8/4/2005,Shipped,2,4,2005,Motorcycles,62,S18_3782,"UK Collectables, Ltd.",(171) 555-2282,Berkeley Gardens 12  Brewery,NULL,Liverpool,NULL,WX1 6LT,UK,EMEA,Devon,Elizabeth,Small
10106,41,100,17,4774.859863,17/2/03,Shipped,1,2,2003,Vintage Cars,105,S18_3856,Rovelli Gifts,035-640555,Via Ludovico il Moro 22,NULL,Bergamo,NULL,24100,Italy,EMEA,Rovelli,Giovanni,Medium
10119,27,99.51999664,8,2687.040039,28/4/03,Shipped,2,4,2003,Vintage Cars,105,S18_3856,Salzburg Collectables,6562-9555,Geislweg 14,NULL,Salzburg,NULL,5020,Austria,EMEA,Pipps,Georg,Small
10130,33,100,1,3423.75,16/6/03,Shipped,2,6,2003,Vintage Cars,105,S18_3856,Auto-Moto Classics Inc.,6175558428,16780 Pompton St.,NULL,Brickhaven,MA,58339,USA,NA,Taylor,Leslie,Medium
10143,34,100,12,3455.76001,10/8/2003,Shipped,3,8,2003,Vintage Cars,105,S18_3856,Mini Creations Ltd.,5085559555,4575 Hillside Dr.,NULL,New Bedford,MA,50553,USA,NA,Tam,Wing C,Medium
10155,29,100,10,3622.969971,6/10/2003,Shipped,4,10,2003,Vintage Cars,105,S18_3856,"Toys of Finland, Co.",90-224 8555,Keskuskatu 45,NULL,Helsinki,NULL,21240,Finland,EMEA,Karttunen,Matti,Medium
10167,34,100,6,3599.580078,23/10/03,Cancelled,4,10,2003,Vintage Cars,105,S18_3856,Scandinavian Gift Ideas,0695-34 6555,?kergatan 24,NULL,Boras,NULL,S-844 67,Sweden,EMEA,Larsson,Maria,Medium
10178,48,100,9,5386.560059,8/11/2003,Shipped,4,11,2003,Vintage Cars,105,S18_3856,Alpha Cognac,61.77.6555,1 rue Alsace-Lorraine,NULL,Toulouse,NULL,31000,France,EMEA,Roulet,Annette,Medium
10186,46,100,6,4918.779785,14/11/03,Shipped,4,11,2003,Vintage Cars,105,S18_3856,"Double Decker Gift Stores, Ltd",(171) 555-7555,120 Hanover Sq.,NULL,London,NULL,WA1 1DP,UK,EMEA,Hardy,Thomas,Medium
10197,22,100,3,2538.800049,26/11/03,Shipped,4,11,2003,Vintage Cars,105,S18_3856,Enaco Distributors,(93) 203 4555,"Rambla de Catalu a, 23",NULL,Barcelona,NULL,8022,Spain,EMEA,Saavedra,Eduardo,Small
10209,20,100,5,2498.600098,9/1/2004,Shipped,1,1,2004,Vintage Cars,105,S18_3856,"Men 'R' US Retailers, Ltd.",2155554369,6047 Douglas Av.,NULL,Los Angeles,CA,NULL,USA,NA,Chandler,Michael,Small
10222,45,85.75,9,3858.75,19/2/04,Shipped,1,2,2004,Vintage Cars,105,S18_3856,Collectable Mini Designs Co.,7605558146,361 Furth Circle,NULL,San Diego,CA,91217,USA,NA,Thompson,Valarie,Medium
10249,46,100,5,5600.5,8/5/2004,Shipped,2,5,2004,Vintage Cars,105,S18_3856,Cambridge Collectables Co.,6175555555,4658 Baden Av.,NULL,Cambridge,MA,51247,USA,NA,Tseng,Kyung,Medium
10262,34,100,14,4103.459961,24/6/04,Cancelled,2,6,2004,Vintage Cars,105,S18_3856,Euro Shopping Channel,(91) 555 94 44,"C/ Moralzarzal, 86",NULL,Madrid,NULL,28034,Spain,EMEA,Freyre,Diego,Medium
10273,50,85.75,1,4287.5,21/7/04,Shipped,3,7,2004,Vintage Cars,105,S18_3856,Petit Auto,(02) 5554 67,Rue Joseph-Bens 532,NULL,Bruxelles,NULL,B-1180,Belgium,EMEA,Dewey,Catherine,Medium
10283,46,100,3,5795.540039,20/8/04,Shipped,3,8,2004,Vintage Cars,105,S18_3856,"Royal Canadian Collectables, Ltd.",(604) 555-4555,23 Tsawassen Blvd.,NULL,Tsawassen,BC,T2F 8M4,Canada,NA,Lincoln,Elizabeth,Medium
10296,22,84.69999695,12,1863.400024,15/9/04,Shipped,3,9,2004,Vintage Cars,105,S18_3856,"Bavarian Collectables Imports, Co.",+49 89 61 08 9555,Hansastr. 15,NULL,Munich,NULL,80686,Germany,EMEA,Donnermeyer,Michael,Small
10307,48,86.80999756,6,4166.879883,14/10/04,Shipped,4,10,2004,Vintage Cars,105,S18_3856,"Classic Gift Ideas, Inc",2155554695,782 First Street,NULL,Philadelphia,PA,71270,USA,NA,Cervantes,Francisca,Medium
10316,47,86.80999756,14,4080.070068,1/11/2004,Shipped,4,11,2004,Vintage Cars,105,S18_3856,giftsbymail.co.uk,(198) 555-8888,Garden House Crowther Way,NULL,Cowes,Isle of Wight,PO31 7PJ,UK,EMEA,Bennett,Helen,Medium
10328,34,100,6,3815.47998,12/11/2004,Shipped,4,11,2004,Vintage Cars,105,S18_3856,Rovelli Gifts,035-640555,Via Ludovico il Moro 22,NULL,Bergamo,NULL,24100,Italy,EMEA,Rovelli,Giovanni,Medium
10338,45,100,2,5526.450195,22/11/04,Shipped,4,11,2004,Vintage Cars,105,S18_3856,Royale Belge,(071) 23 67 2555,"Boulevard Tirou, 255",NULL,Charleroi,NULL,B-6000,Belgium,EMEA,Cartrain,Pascale,Medium
10351,20,100,2,3374.600098,3/12/2004,Shipped,4,12,2004,Vintage Cars,105,S18_3856,"Stylish Desk Decors, Co.",(171) 555-0297,35 King George,NULL,London,NULL,WX3 6FW,UK,EMEA,Brown,Ann,Medium
10373,50,60.49000168,6,3024.5,31/1/05,Shipped,1,1,2005,Vintage Cars,105,S18_3856,"Oulu Toy Supplies, Inc.",981-443655,Torikatu 38,NULL,Oulu,NULL,90110,Finland,EMEA,Koskitalo,Pirkko,Medium
10386,22,57.54999924,6,1266.099976,1/3/2005,Resolved,1,3,2005,Vintage Cars,105,S18_3856,Euro Shopping Channel,(91) 555 94 44,"C/ Moralzarzal, 86",NULL,Madrid,NULL,28034,Spain,EMEA,Freyre,Diego,Small
10398,45,100,17,4811.850098,30/3/05,Shipped,1,3,2005,Vintage Cars,105,S18_3856,Reims Collectables,26.47.1555,59 rue de l'Abbaye,NULL,Reims,NULL,51100,France,EMEA,Henriot,Paul,Medium
10400,58,100,6,7307.419922,1/4/2005,Shipped,2,4,2005,Vintage Cars,105,S18_3856,The Sharp Gifts Warehouse,4085553659,3086 Ingle Ln.,NULL,San Jose,CA,94217,USA,NA,Frick,Sue,Large
10415,51,100,5,6209.25,9/5/2005,Disputed,2,5,2005,Vintage Cars,105,S18_3856,"Australian Collectables, Ltd",61-9-3844-6555,7 Allen Street,NULL,Glen Waverly,Victoria,3150,Australia,APAC,Connery,Sean,Medium
10104,38,100,3,5348.5,31/1/03,Shipped,1,1,2003,Classic Cars,143,S18_4027,Euro Shopping Channel,(91) 555 94 44,"C/ Moralzarzal, 86",NULL,Madrid,NULL,28034,Spain,EMEA,Freyre,Diego,Medium
10117,22,100,12,2780.580078,16/4/03,Shipped,2,4,2003,Classic Cars,143,S18_4027,"Dragon Souveniers, Ltd.",+65 221 7555,"Bronz Sok., Bronz Apt. 3/6 Tesvikiye",NULL,Singapore,NULL,79903,Singapore,Japan,Natividad,Eric,Small
10127,25,100,5,3447,3/6/2003,Shipped,2,6,2003,Classic Cars,143,S18_4027,Muscle Machine Inc,2125557413,4092 Furth Circle,Suite 400,NYC,NY,10022,USA,NA,Young,Jeff,Medium
10142,24,100,15,3791.52002,8/8/2003,Shipped,3,8,2003,Classic Cars,143,S18_4027,Mini Gifts Distributors Ltd.,4155551450,5677 Strong St.,NULL,San Rafael,CA,97562,USA,NA,Nelson,Valarie,Medium
10152,35,100,1,4524.100098,25/9/03,Shipped,3,9,2003,Classic Cars,143,S18_4027,"Australian Gift Network, Co",61-7-3844-6555,31 Duncan St. West End,NULL,South Brisbane,Queensland,4101,Australia,APAC,Calaghan,Tony,Medium
10165,28,100,6,3337.600098,22/10/03,Shipped,4,10,2003,Classic Cars,143,S18_4027,"Dragon Souveniers, Ltd.",+65 221 7555,"Bronz Sok., Bronz Apt. 3/6 Tesvikiye",NULL,Singapore,NULL,79903,Singapore,Japan,Natividad,Eric,Medium
10176,36,100,5,5532.120117,6/11/2003,Shipped,4,11,2003,Classic Cars,143,S18_4027,L'ordine Souveniers,0522-556555,Strada Provinciale 124,NULL,Reggio Emilia,NULL,42100,Italy,EMEA,Moroni,Maurizio,Medium
10185,39,100,16,5096.910156,14/11/03,Shipped,4,11,2003,Classic Cars,143,S18_4027,Mini Creations Ltd.,5085559555,4575 Hillside Dr.,NULL,New Bedford,MA,50553,USA,NA,Tam,Wing C,Medium
10196,27,100,8,4537.080078,26/11/03,Shipped,4,11,2003,Classic Cars,143,S18_4027,Super Scale Inc.,2035559545,567 North Pendale Street,NULL,New Haven,CT,97823,USA,NA,Murphy,Leslie,Medium
10207,40,100,1,6146.799805,9/12/2003,Shipped,4,12,2003,Classic Cars,143,S18_4027,Diecast Collectables,6175552555,6251 Ingle Ln.,NULL,Boston,MA,51003,USA,NA,Franco,Valarie,Medium
10220,50,100,5,8258,12/2/2004,Shipped,1,2,2004,Classic Cars,143,S18_4027,"Clover Collections, Co.",+353 1862 1555,25 Maiden Lane,Floor No. 4,Dublin,NULL,2,Ireland,EMEA,Cassidy,Dean,Large
10230,42,100,3,7238.279785,15/3/04,Shipped,1,3,2004,Classic Cars,143,S18_4027,"Blauer See Auto, Co.",+49 69 66 90 2555,Lyonerstr. 34,NULL,Frankfurt,NULL,60528,Germany,EMEA,Keitel,Roland,Large
10247,48,100,5,6756,5/5/2004,Shipped,2,5,2004,Classic Cars,143,S18_4027,Suominen Souveniers,+358 9 8045 555,"Software Engineering Center, SEC Oy",NULL,Espoo,NULL,FIN-02271,Finland,EMEA,Suominen,Kalle,Medium
10272,25,100,5,3734,20/7/04,Shipped,3,7,2004,Classic Cars,143,S18_4027,Diecast Classics Inc.,2155551555,7586 Pompton St.,NULL,Allentown,PA,70267,USA,NA,Yu,Kyung,Medium
10282,31,100,8,4674.799805,20/8/04,Shipped,3,8,2004,Classic Cars,143,S18_4027,Mini Gifts Distributors Ltd.,4155551450,5677 Strong St.,NULL,San Rafael,CA,97562,USA,NA,Nelson,Valarie,Medium
10292,44,100,2,7140.759766,8/9/2004,Shipped,3,9,2004,Classic Cars,143,S18_4027,Land of Toys Inc.,2125557818,897 Long Airport Avenue,NULL,NYC,NY,10022,USA,NA,Yu,Kwai,Large
10306,23,100,16,3600.649902,14/10/04,Shipped,4,10,2004,Classic Cars,143,S18_4027,"AV Stores, Co.",(171) 555-1555,Fauntleroy Circus,NULL,Manchester,NULL,EC2 5NT,UK,EMEA,Ashworth,Victoria,Medium
10314,29,100,8,4206.740234,22/10/04,Shipped,4,10,2004,Classic Cars,143,S18_4027,Heintze Collectables,86 21 3555,Smagsloget 45,NULL,Aaarhus,NULL,8200,Denmark,EMEA,Ibsen,Palle,Medium
10324,49,100,13,5379.709961,5/11/2004,Shipped,4,11,2004,Classic Cars,143,S18_4027,Vitachrome Inc.,2125551500,2678 Kingston Rd.,Suite 101,NYC,NY,10022,USA,NA,Frick,Michael,Medium
10337,36,100,3,5679.359863,21/11/04,Shipped,4,11,2004,Classic Cars,143,S18_4027,Classic Legends Inc.,2125558493,5905 Pompton St.,Suite 750,NYC,NY,10022,USA,NA,Hernandez,Maria,Medium
10349,34,100,5,4394.839844,1/12/2004,Shipped,4,12,2004,Classic Cars,143,S18_4027,Muscle Machine Inc,2125557413,4092 Furth Circle,Suite 400,NYC,NY,10022,USA,NA,Young,Jeff,Medium
10358,25,100,13,2528.25,10/12/2004,Shipped,4,12,2004,Classic Cars,143,S18_4027,Euro Shopping Channel,(91) 555 94 44,"C/ Moralzarzal, 86",NULL,Madrid,NULL,28034,Spain,EMEA,Freyre,Diego,Small
10372,48,100,6,7031.52002,26/1/05,Shipped,1,1,2005,Classic Cars,143,S18_4027,"Tokyo Collectables, Ltd",+81 3 3584 0555,2-2-8 Roppongi,NULL,Minato-ku,Tokyo,106-0032,Japan,Japan,Shimamura,Akiko,Large
10383,38,100,1,5340.899902,22/2/05,Shipped,1,2,2005,Classic Cars,143,S18_4027,Euro Shopping Channel,(91) 555 94 44,"C/ Moralzarzal, 86",NULL,Madrid,NULL,28034,Spain,EMEA,Freyre,Diego,Medium
10394,37,100,1,6376.580078,15/3/05,Shipped,1,3,2005,Classic Cars,143,S18_4027,Euro Shopping Channel,(91) 555 94 44,"C/ Moralzarzal, 86",NULL,Madrid,NULL,28034,Spain,EMEA,Freyre,Diego,Medium
10413,49,100,5,6896.75,5/5/2005,Shipped,2,5,2005,Classic Cars,143,S18_4027,Gift Depot Inc.,2035552570,25593 South Bay Ln.,NULL,Bridgewater,CT,97562,USA,NA,King,Julie,Medium
10100,22,86.51000214,4,1903.219971,6/1/2003,Shipped,1,1,2003,Vintage Cars,92,S18_4409,Online Diecast Creations Co.,6035558647,2304 Long Airport Avenue,NULL,Nashua,NH,62005,USA,NA,Young,Valarie,Small
10110,28,89.26999664,8,2499.560059,18/3/03,Shipped,1,3,2003,Vintage Cars,92,S18_4409,"AV Stores, Co.",(171) 555-1555,Fauntleroy Circus,NULL,Manchester,NULL,EC2 5NT,UK,EMEA,Ashworth,Victoria,Small
10124,36,85.58999634,7,3081.23999,21/5/03,Shipped,2,5,2003,Vintage Cars,92,S18_4409,Signal Gift Stores,7025551838,8489 Strong St.,NULL,Las Vegas,NV,83030,USA,NA,King,Sue,Medium
10148,34,100,1,3598.219971,11/9/2003,Shipped,3,9,2003,Vintage Cars,92,S18_4409,"Anna's Decorations, Ltd",02 9936 8555,201 Miller Street,Level 15,North Sydney,NSW,2060,Australia,APAC,O'Hara,Anna,Medium
10162,39,100,10,3912.090088,18/10/03,Shipped,4,10,2003,Vintage Cars,92,S18_4409,Corporate Gift Ideas Co.,6505551386,7734 Strong St.,NULL,San Francisco,CA,NULL,USA,NA,Brown,Julie,Medium
10173,21,75.45999908,14,1584.660034,5/11/2003,Shipped,4,11,2003,Vintage Cars,92,S18_4409,Rovelli Gifts,035-640555,Via Ludovico il Moro 22,NULL,Bergamo,NULL,24100,Italy,EMEA,Rovelli,Giovanni,Small
10182,36,100,11,3942.719971,12/11/2003,Shipped,4,11,2003,Vintage Cars,92,S18_4409,Mini Gifts Distributors Ltd.,4155551450,5677 Strong St.,NULL,San Rafael,CA,97562,USA,NA,Nelson,Valarie,Medium
10193,24,97.55000305,15,2341.199951,21/11/03,Shipped,4,11,2003,Vintage Cars,92,S18_4409,"Australian Collectables, Ltd",61-9-3844-6555,7 Allen Street,NULL,Glen Waverly,Victoria,3150,Australia,APAC,Connery,Sean,Small
10204,29,85.58999634,5,2482.110107,2/12/2003,Shipped,4,12,2003,Vintage Cars,92,S18_4409,Muscle Machine Inc,2125557413,4092 Furth Circle,Suite 400,NYC,NY,10022,USA,NA,Young,Jeff,Small
10213,38,94.79000092,1,3602.02002,22/1/04,Shipped,1,1,2004,Vintage Cars,92,S18_4409,"Double Decker Gift Stores, Ltd",(171) 555-7555,120 Hanover Sq.,NULL,London,NULL,WA1 1DP,UK,EMEA,Hardy,Thomas,Medium
10227,34,100,11,3566.939941,2/3/2004,Shipped,1,3,2004,Vintage Cars,92,S18_4409,"Saveley & Henriot, Co.",78.32.5555,"2, rue du Commerce",NULL,Lyon,NULL,69004,France,EMEA,Saveley,Mary,Medium
10241,42,90.19000244,3,3787.97998,13/4/04,Shipped,2,4,2004,Vintage Cars,92,S18_4409,Mini Caravy,88.60.1555,"24, place Kluber",NULL,Strasbourg,NULL,67000,France,EMEA,Citeaux,Frederique,Medium
10280,35,100,17,3704.050049,17/8/04,Shipped,3,8,2004,Vintage Cars,92,S18_4409,Amica Models & Co.,011-4988555,Via Monte Bianco 34,NULL,Torino,NULL,10100,Italy,EMEA,Accorti,Paolo,Medium
10288,35,80.98999786,6,2834.649902,1/9/2004,Shipped,3,9,2004,Vintage Cars,92,S18_4409,Handji Gifts& Co,+65 224 1555,Village Close - 106 Linden Road Sandown,2nd Floor,Singapore,NULL,69045,Singapore,APAC,Victorino,Wendy,Small
10302,38,89.26999664,2,3392.26001,6/10/2003,Shipped,4,10,2003,Vintage Cars,92,S18_4409,"UK Collectables, Ltd.",(171) 555-2282,Berkeley Gardens 12  Brewery,NULL,Liverpool,NULL,WX1 6LT,UK,EMEA,Devon,Elizabeth,Medium
10311,41,81.91000366,1,3358.310059,16/10/04,Shipped,4,10,2004,Vintage Cars,92,S18_4409,Euro Shopping Channel,(91) 555 94 44,"C/ Moralzarzal, 86",NULL,Madrid,NULL,28034,Spain,EMEA,Freyre,Diego,Medium
10332,50,100,2,7310,17/11/04,Shipped,4,11,2004,Vintage Cars,92,S18_4409,"AV Stores, Co.",(171) 555-1555,Fauntleroy Circus,NULL,Manchester,NULL,EC2 5NT,UK,EMEA,Ashworth,Victoria,Large
10344,21,100,4,2203.110107,25/11/04,Shipped,4,11,2004,Vintage Cars,92,S18_4409,Marseille Mini Autos,91.24.4555,"12, rue des Bouchers",NULL,Marseille,NULL,13008,France,EMEA,Lebihan,Laurence,Small
10367,43,62.72000122,8,2696.959961,12/1/2005,Resolved,1,1,2005,Vintage Cars,92,S18_4409,Toys4GrownUps.com,6265557265,78934 Hillside Dr.,NULL,Pasadena,CA,90003,USA,NA,Young,Julie,Small
10380,32,100,1,3376.639893,16/2/05,Shipped,1,2,2005,Vintage Cars,92,S18_4409,Euro Shopping Channel,(91) 555 94 44,"C/ Moralzarzal, 86",NULL,Madrid,NULL,28034,Spain,EMEA,Freyre,Diego,Medium
10407,6,90.19000244,3,541.1400146,22/4/05,On Hold,2,4,2005,Vintage Cars,92,S18_4409,The Sharp Gifts Warehouse,4085553659,3086 Ingle Ln.,NULL,San Jose,CA,94217,USA,NA,Frick,Sue,Small
10420,66,92.94999695,6,6134.700195,29/5/05,In Process,2,5,2005,Vintage Cars,92,S18_4409,Souveniers And Things Co.,+61 2 9495 8555,"Monitor Money Building, 815 Pacific Hwy",Level 6,Chatswood,NSW,2067,Australia,APAC,Huxley,Adrian,Medium
10105,41,82.5,10,3382.5,11/2/2003,Shipped,1,2,2003,Vintage Cars,87,S18_4522,Danish Wholesale Imports,31 12 3555,Vinb'ltet 34,NULL,Kobenhavn,NULL,1734,Denmark,EMEA,Petersen,Jytte,Medium
10117,23,97.41999817,4,2240.659912,16/4/03,Shipped,2,4,2003,Vintage Cars,87,S18_4522,"Dragon Souveniers, Ltd.",+65 221 7555,"Bronz Sok., Bronz Apt. 3/6 Tesvikiye",NULL,Singapore,NULL,79903,Singapore,Japan,Natividad,Eric,Small
10128,43,92.16000366,1,3962.879883,6/6/2003,Shipped,2,6,2003,Vintage Cars,87,S18_4522,Euro Shopping Channel,(91) 555 94 44,"C/ Moralzarzal, 86",NULL,Madrid,NULL,28034,Spain,EMEA,Freyre,Diego,Medium
10142,24,70.22000122,7,1685.280029,8/8/2003,Shipped,3,8,2003,Vintage Cars,87,S18_4522,Mini Gifts Distributors Ltd.,4155551450,5677 Strong St.,NULL,San Rafael,CA,97562,USA,NA,Nelson,Valarie,Small
10153,22,83.37999725,6,1834.359985,28/9/03,Shipped,3,9,2003,Vintage Cars,87,S18_4522,Euro Shopping Channel,(91) 555 94 44,"C/ Moralzarzal, 86",NULL,Madrid,NULL,28034,Spain,EMEA,Freyre,Diego,Small
10166,26,73.73000336,1,1916.97998,21/10/03,Shipped,4,10,2003,Vintage Cars,87,S18_4522,FunGiftIdeas.com,5085552555,1785 First Street,NULL,New Bedford,MA,50553,USA,NA,Benitez,Violeta,Small
10177,35,74.59999847,8,2611,7/11/2003,Shipped,4,11,2003,Vintage Cars,87,S18_4522,CAF Imports,+34 913 728 555,"Merchants House, 27-30 Merchant's Quay",NULL,Madrid,NULL,28023,Spain,EMEA,Fernandez,Jesus,Small
10185,47,77.23999786,8,3630.280029,14/11/03,Shipped,4,11,2003,Vintage Cars,87,S18_4522,Mini Creations Ltd.,5085559555,4575 Hillside Dr.,NULL,New Bedford,MA,50553,USA,NA,Tam,Wing C,Medium
10197,50,100,14,5090.5,26/11/03,Shipped,4,11,2003,Vintage Cars,87,S18_4522,Enaco Distributors,(93) 203 4555,"Rambla de Catalu a, 23",NULL,Barcelona,NULL,8022,Spain,EMEA,Saavedra,Eduardo,Medium
10208,45,87.76999664,8,3949.649902,2/1/2004,Shipped,1,1,2004,Vintage Cars,87,S18_4522,"Saveley & Henriot, Co.",78.32.5555,"2, rue du Commerce",NULL,Lyon,NULL,69004,France,EMEA,Saveley,Mary,Medium
10221,39,89.52999878,2,3491.669922,18/2/04,Shipped,1,2,2004,Vintage Cars,87,S18_4522,Petit Auto,(02) 5554 67,Rue Joseph-Bens 532,NULL,Bruxelles,NULL,B-1180,Belgium,EMEA,Dewey,Catherine,Medium
10232,23,89.52999878,5,2059.189941,20/3/04,Shipped,1,3,2004,Vintage Cars,87,S18_4522,giftsbymail.co.uk,(198) 555-8888,Garden House Crowther Way,NULL,Cowes,Isle of Wight,PO31 7PJ,UK,EMEA,Bennett,Helen,Small
10248,42,75.48000336,11,3170.159912,7/5/2004,Cancelled,2,5,2004,Vintage Cars,87,S18_4522,Land of Toys Inc.,2125557818,897 Long Airport Avenue,NULL,NYC,NY,10022,USA,NA,Yu,Kwai,Medium
10261,20,89.52999878,9,1790.599976,17/6/04,Shipped,2,6,2004,Vintage Cars,87,S18_4522,Quebec Home Shopping Network,(514) 555-8054,43 rue St. Laurent,NULL,Montreal,Quebec,H1J 1C3,Canada,NA,Fresnisre,Jean,Small
10273,33,71.08999634,12,2345.969971,21/7/04,Shipped,3,7,2004,Vintage Cars,87,S18_4522,Petit Auto,(02) 5554 67,Rue Joseph-Bens 532,NULL,Bruxelles,NULL,B-1180,Belgium,EMEA,Dewey,Catherine,Small
10283,34,100,14,3580.879883,20/8/04,Shipped,3,8,2004,Vintage Cars,87,S18_4522,"Royal Canadian Collectables, Ltd.",(604) 555-4555,23 Tsawassen Blvd.,NULL,Tsawassen,BC,T2F 8M4,Canada,NA,Lincoln,Elizabeth,Medium
10293,49,100,3,4946.060059,9/9/2004,Shipped,3,9,2004,Vintage Cars,87,S18_4522,Amica Models & Co.,011-4988555,Via Monte Bianco 34,NULL,Torino,NULL,10100,Italy,EMEA,Accorti,Paolo,Medium
10306,39,90.40000153,8,3525.600098,14/10/04,Shipped,4,10,2004,Vintage Cars,87,S18_4522,"AV Stores, Co.",(171) 555-1555,Fauntleroy Circus,NULL,Manchester,NULL,EC2 5NT,UK,EMEA,Ashworth,Victoria,Medium
10315,36,100,7,3602.159912,29/10/04,Shipped,4,10,2004,Vintage Cars,87,S18_4522,La Rochelle Gifts,40.67.8555,"67, rue des Cinquante Otages",NULL,Nantes,NULL,44000,France,EMEA,Labrune,Janine,Medium
10326,50,86.01000214,5,4300.5,9/11/2004,Shipped,4,11,2004,Vintage Cars,87,S18_4522,"Volvo Model Replicas, Co",0921-12 3555,Berguvsv gen  8,NULL,Lule,NULL,S-958 22,Sweden,EMEA,Berglund,Christina,Medium
10337,29,100,2,4498.189941,21/11/04,Shipped,4,11,2004,Vintage Cars,87,S18_4522,Classic Legends Inc.,2125558493,5905 Pompton St.,Suite 750,NYC,NY,10022,USA,NA,Hernandez,Maria,Medium
10350,30,100,3,3023.100098,2/12/2004,Shipped,4,12,2004,Vintage Cars,87,S18_4522,Euro Shopping Channel,(91) 555 94 44,"C/ Moralzarzal, 86",NULL,Madrid,NULL,28034,Spain,EMEA,Freyre,Diego,Medium
10372,41,86.88999939,7,3562.48999,26/1/05,Shipped,1,1,2005,Vintage Cars,87,S18_4522,"Tokyo Collectables, Ltd",+81 3 3584 0555,2-2-8 Roppongi,NULL,Minato-ku,Tokyo,106-0032,Japan,Japan,Shimamura,Akiko,Medium
10383,28,58.58000183,7,1640.23999,22/2/05,Shipped,1,2,2005,Vintage Cars,87,S18_4522,Euro Shopping Channel,(91) 555 94 44,"C/ Moralzarzal, 86",NULL,Madrid,NULL,28034,Spain,EMEA,Freyre,Diego,Small
10396,45,100,5,4739.399902,23/3/05,Shipped,1,3,2005,Vintage Cars,87,S18_4522,Mini Gifts Distributors Ltd.,4155551450,5677 Strong St.,NULL,San Rafael,CA,97562,USA,NA,Nelson,Valarie,Medium
10414,16,75.48000336,11,1207.680054,6/5/2005,On Hold,2,5,2005,Vintage Cars,87,S18_4522,Gifts4AllAges.com,6175559555,8616 Spinnaker Dr.,NULL,Boston,MA,51003,USA,NA,Yoshido,Juri,Small
10103,36,100,5,4228.200195,29/1/03,Shipped,1,1,2003,Trucks and Buses,121,S18_4600,Baane Mini Imports,07-98 9555,Erling Skakkes gate 78,NULL,Stavern,NULL,4110,Norway,EMEA,Bergulfsen,Jonas,Medium
10114,41,100,9,4815.450195,1/4/2003,Shipped,2,4,2003,Trucks and Buses,121,S18_4600,"La Corne D'abondance, Co.",(1) 42.34.2555,"265, boulevard Charonne",NULL,Paris,NULL,75012,France,EMEA,Bertrand,Marie,Medium
10126,50,100,5,7083,28/5/03,Shipped,2,5,2003,Trucks and Buses,121,S18_4600,"Corrida Auto Replicas, Ltd",(91) 555 22 82,"C/ Araquil, 67",NULL,Madrid,NULL,28023,Spain,EMEA,Sommer,Mart n,Large
10140,40,100,5,4601.200195,24/7/03,Shipped,3,7,2003,Trucks and Buses,121,S18_4600,Technics Stores Inc.,6505556809,9408 Furth Circle,NULL,Burlingame,CA,94217,USA,NA,Hirano,Juri,Medium
10150,49,100,2,6467.02002,19/9/03,Shipped,3,9,2003,Trucks and Buses,121,S18_4600,"Dragon Souveniers, Ltd.",+65 221 7555,"Bronz Sok., Bronz Apt. 3/6 Tesvikiye",NULL,Singapore,NULL,79903,Singapore,Japan,Natividad,Eric,Medium
10164,45,100,3,5012.549805,21/10/03,Resolved,4,10,2003,Trucks and Buses,121,S18_4600,Mini Auto Werke,7675-3555,Kirchgasse 6,NULL,Graz,NULL,8010,Austria,EMEA,Mendel,Roland,Medium
10175,47,100,10,5121.589844,6/11/2003,Shipped,4,11,2003,Trucks and Buses,121,S18_4600,"Stylish Desk Decors, Co.",(171) 555-0297,35 King George,NULL,London,NULL,WX3 6FW,UK,EMEA,Brown,Ann,Medium
10183,21,100,2,2441.040039,13/11/03,Shipped,4,11,2003,Trucks and Buses,121,S18_4600,"Classic Gift Ideas, Inc",2155554695,782 First Street,NULL,Philadelphia,PA,71270,USA,NA,Cervantes,Francisca,Small
10194,32,100,5,4262.080078,25/11/03,Shipped,4,11,2003,Trucks and Buses,121,S18_4600,"Saveley & Henriot, Co.",78.32.5555,"2, rue du Commerce",NULL,Lyon,NULL,69004,France,EMEA,Saveley,Mary,Medium
10207,47,100,16,6658.02002,9/12/2003,Shipped,4,12,2003,Trucks and Buses,121,S18_4600,Diecast Collectables,6175552555,6251 Ingle Ln.,NULL,Boston,MA,51003,USA,NA,Franco,Valarie,Medium
10217,38,100,5,4509.080078,4/2/2004,Shipped,1,2,2004,Trucks and Buses,121,S18_4600,Handji Gifts& Co,+65 224 1555,Village Close - 106 Linden Road Sandown,2nd Floor,Singapore,NULL,69045,Singapore,APAC,Victorino,Wendy,Medium
10229,41,100,10,4716.22998,11/3/2004,Shipped,1,3,2004,Trucks and Buses,121,S18_4600,Mini Gifts Distributors Ltd.,4155551450,5677 Strong St.,NULL,San Rafael,CA,97562,USA,NA,Nelson,Valarie,Medium
10245,21,100,3,2390.219971,4/5/2004,Shipped,2,5,2004,Trucks and Buses,121,S18_4600,Super Scale Inc.,2035559545,567 North Pendale Street,NULL,New Haven,CT,97823,USA,NA,Murphy,Leslie,Small
10259,41,100,13,4666.620117,15/6/04,Shipped,2,6,2004,Trucks and Buses,121,S18_4600,Handji Gifts& Co,+65 224 1555,Village Close - 106 Linden Road Sandown,2nd Floor,Singapore,NULL,69045,Singapore,APAC,Victorino,Wendy,Medium
10270,38,100,3,5383.080078,19/7/04,Shipped,3,7,2004,Trucks and Buses,121,S18_4600,Souveniers And Things Co.,+61 2 9495 8555,"Monitor Money Building, 815 Pacific Hwy",Level 6,Chatswood,NSW,2067,Australia,APAC,Huxley,Adrian,Medium
10281,25,99.29000092,10,2482.25,19/8/04,Shipped,3,8,2004,Trucks and Buses,121,S18_4600,Diecast Classics Inc.,2155551555,7586 Pompton St.,NULL,Allentown,PA,70267,USA,NA,Yu,Kyung,Small
10291,48,100,5,5288.640137,8/9/2004,Shipped,3,9,2004,Trucks and Buses,121,S18_4600,Scandinavian Gift Ideas,0695-34 6555,?kergatan 24,NULL,Boras,NULL,S-844 67,Sweden,EMEA,Larsson,Maria,Medium
10305,22,99.29000092,14,2184.379883,13/10/04,Shipped,4,10,2004,Trucks and Buses,121,S18_4600,Marta's Replicas Co.,6175558555,39323 Spinnaker Dr.,NULL,Cambridge,MA,51247,USA,NA,Hernandez,Marta,Small
10313,28,100,8,2881.76001,22/10/04,Shipped,4,10,2004,Trucks and Buses,121,S18_4600,Canadian Gift Exchange Network,(604) 555-3392,1900 Oak St.,NULL,Vancouver,BC,V3F 2K1,Canada,NA,Tannamuri,Yoshi,Small
10323,47,100,1,6203.060059,5/11/2004,Shipped,4,11,2004,Trucks and Buses,121,S18_4600,"Blauer See Auto, Co.",+49 69 66 90 2555,Lyonerstr. 34,NULL,Frankfurt,NULL,60528,Germany,EMEA,Keitel,Roland,Medium
10334,49,100,4,6763.470215,19/11/04,On Hold,4,11,2004,Trucks and Buses,121,S18_4600,"Volvo Model Replicas, Co",0921-12 3555,Berguvsv gen  8,NULL,Lule,NULL,S-958 22,Sweden,EMEA,Berglund,Christina,Medium
10347,45,100,4,5884.649902,29/11/04,Shipped,4,11,2004,Trucks and Buses,121,S18_4600,"Australian Collectors, Co.",03 9520 4555,636 St Kilda Road,Level 3,Melbourne,Victoria,3004,Australia,APAC,Ferguson,Peter,Medium
10357,28,100,2,3559.639893,10/12/2004,Shipped,4,12,2004,Trucks and Buses,121,S18_4600,Mini Gifts Distributors Ltd.,4155551450,5677 Strong St.,NULL,San Rafael,CA,97562,USA,NA,Nelson,Valarie,Medium
10370,29,57.52999878,6,1668.369995,20/1/05,Shipped,1,1,2005,Trucks and Buses,121,S18_4600,"Anna's Decorations, Ltd",02 9936 8555,201 Miller Street,Level 15,North Sydney,NSW,2060,Australia,APAC,O'Hara,Anna,Small
10382,39,100,1,4890.600098,17/2/05,Shipped,1,2,2005,Trucks and Buses,121,S18_4600,Mini Gifts Distributors Ltd.,4155551450,5677 Strong St.,NULL,San Rafael,CA,97562,USA,NA,Nelson,Valarie,Medium
10411,46,100,3,5235.720215,1/5/2005,Shipped,2,5,2005,Trucks and Buses,121,S18_4600,Quebec Home Shopping Network,(514) 555-8054,43 rue St. Laurent,NULL,Montreal,Quebec,H1J 1C3,Canada,NA,Fresnisre,Jean,Medium
10425,38,100,13,4325.160156,31/5/05,In Process,2,5,2005,Trucks and Buses,121,S18_4600,La Rochelle Gifts,40.67.8555,"67, rue des Cinquante Otages",NULL,Nantes,NULL,44000,France,EMEA,Labrune,Janine,Medium
10103,41,47.29000092,9,1938.890015,29/1/03,Shipped,1,1,2003,Vintage Cars,50,S18_4668,Baane Mini Imports,07-98 9555,Erling Skakkes gate 78,NULL,Stavern,NULL,4110,Norway,EMEA,Bergulfsen,Jonas,Small
10113,50,49.81000137,3,2490.5,26/3/03,Shipped,1,3,2003,Vintage Cars,50,S18_4668,Mini Gifts Distributors Ltd.,4155551450,5677 Strong St.,NULL,San Rafael,CA,97562,USA,NA,Nelson,Valarie,Small
10126,43,53.83000183,9,2314.689941,28/5/03,Shipped,2,5,2003,Vintage Cars,50,S18_4668,"Corrida Auto Replicas, Ltd",(91) 555 22 82,"C/ Araquil, 67",NULL,Madrid,NULL,28023,Spain,EMEA,Sommer,Mart n,Small
10140,29,43.27000046,9,1254.829956,24/7/03,Shipped,3,7,2003,Vintage Cars,50,S18_4668,Technics Stores Inc.,6505556809,9408 Furth Circle,NULL,Burlingame,CA,94217,USA,NA,Hirano,Juri,Small
10150,30,42.75999832,6,1282.800049,19/9/03,Shipped,3,9,2003,Vintage Cars,50,S18_4668,"Dragon Souveniers, Ltd.",+65 221 7555,"Bronz Sok., Bronz Apt. 3/6 Tesvikiye",NULL,Singapore,NULL,79903,Singapore,Japan,Natividad,Eric,Small
10164,25,53.83000183,7,1345.75,21/10/03,Resolved,4,10,2003,Vintage Cars,50,S18_4668,Mini Auto Werke,7675-3555,Kirchgasse 6,NULL,Graz,NULL,8010,Austria,EMEA,Mendel,Roland,Small
10174,49,44.77999878,2,2194.219971,6/11/2003,Shipped,4,11,2003,Vintage Cars,50,S18_4668,"Australian Gift Network, Co",61-7-3844-6555,31 Duncan St. West End,NULL,South Brisbane,Queensland,4101,Australia,APAC,Calaghan,Tony,Small
10183,40,49.29999924,6,1972,13/11/03,Shipped,4,11,2003,Vintage Cars,50,S18_4668,"Classic Gift Ideas, Inc",2155554695,782 First Street,NULL,Philadelphia,PA,71270,USA,NA,Cervantes,Francisca,Small
10194,41,44.77999878,9,1835.97998,25/11/03,Shipped,4,11,2003,Vintage Cars,50,S18_4668,"Saveley & Henriot, Co.",78.32.5555,"2, rue du Commerce",NULL,Lyon,NULL,69004,France,EMEA,Saveley,Mary,Small
10206,21,53.33000183,4,1119.930054,5/12/2003,Shipped,4,12,2003,Vintage Cars,50,S18_4668,Canadian Gift Exchange Network,(604) 555-3392,1900 Oak St.,NULL,Vancouver,BC,V3F 2K1,Canada,NA,Tannamuri,Yoshi,Small
10215,46,45.27999878,1,2082.879883,29/1/04,Shipped,1,1,2004,Vintage Cars,50,S18_4668,West Coast Collectables Co.,3105553722,3675 Furth Circle,NULL,Burbank,CA,94019,USA,NA,Thompson,Steve,Small
10229,39,40.25,14,1569.75,11/3/2004,Shipped,1,3,2004,Vintage Cars,50,S18_4668,Mini Gifts Distributors Ltd.,4155551450,5677 Strong St.,NULL,San Rafael,CA,97562,USA,NA,Nelson,Valarie,Small
10245,45,59.86999893,7,2694.149902,4/5/2004,Shipped,2,5,2004,Vintage Cars,50,S18_4668,Super Scale Inc.,2035559545,567 North Pendale Street,NULL,New Haven,CT,97823,USA,NA,Murphy,Leslie,Small
10258,21,59.86999893,4,1257.27002,15/6/04,Shipped,2,6,2004,Vintage Cars,50,S18_4668,"Tokyo Collectables, Ltd",+81 3 3584 0555,2-2-8 Roppongi,NULL,Minato-ku,Tokyo,106-0032,Japan,Japan,Shimamura,Akiko,Small
10270,44,58.36000061,7,2567.840088,19/7/04,Shipped,3,7,2004,Vintage Cars,50,S18_4668,Souveniers And Things Co.,+61 2 9495 8555,"Monitor Money Building, 815 Pacific Hwy",Level 6,Chatswood,NSW,2067,Australia,APAC,Huxley,Adrian,Small
10281,44,59.86999893,14,2634.280029,19/8/04,Shipped,3,8,2004,Vintage Cars,50,S18_4668,Diecast Classics Inc.,2155551555,7586 Pompton St.,NULL,Allentown,PA,70267,USA,NA,Yu,Kyung,Small
10291,29,51.81999969,9,1502.780029,8/9/2004,Shipped,3,9,2004,Vintage Cars,50,S18_4668,Scandinavian Gift Ideas,0695-34 6555,?kergatan 24,NULL,Boras,NULL,S-844 67,Sweden,EMEA,Larsson,Maria,Small
10304,34,49.29999924,4,1676.199951,11/10/2004,Shipped,4,10,2004,Vintage Cars,50,S18_4668,Auto Assoc. & Cie.,30.59.8555,"67, avenue de l'Europe",NULL,Versailles,NULL,78000,France,EMEA,Tonini,Daniel,Small
10312,39,56.84999847,1,2217.149902,21/10/04,Shipped,4,10,2004,Vintage Cars,50,S18_4668,Mini Gifts Distributors Ltd.,4155551450,5677 Strong St.,NULL,San Rafael,CA,97562,USA,NA,Nelson,Valarie,Small
10324,38,100,6,6832.02002,5/11/2004,Shipped,4,11,2004,Vintage Cars,50,S18_4668,Vitachrome Inc.,2125551500,2678 Kingston Rd.,Suite 101,NYC,NY,10022,USA,NA,Frick,Michael,Medium
10333,24,79.86000061,8,1916.640015,18/11/04,Shipped,4,11,2004,Vintage Cars,50,S18_4668,Mini Wheels Co.,6505555787,5557 North Pendale Street,NULL,San Francisco,CA,NULL,USA,NA,Murphy,Julie,Small
10348,29,100,6,7110.799805,1/11/2004,Shipped,4,11,2004,Vintage Cars,50,S18_4668,"Corrida Auto Replicas, Ltd",(91) 555 22 82,"C/ Araquil, 67",NULL,Madrid,NULL,28023,Spain,EMEA,Sommer,Mart n,Large
10358,30,100,8,5302.799805,10/12/2004,Shipped,4,12,2004,Vintage Cars,50,S18_4668,Euro Shopping Channel,(91) 555 94 44,"C/ Moralzarzal, 86",NULL,Madrid,NULL,28034,Spain,EMEA,Freyre,Diego,Medium
10370,20,100,2,2730,20/1/05,Shipped,1,1,2005,Vintage Cars,50,S18_4668,"Anna's Decorations, Ltd",02 9936 8555,201 Miller Street,Level 15,North Sydney,NSW,2060,Australia,APAC,O'Hara,Anna,Small
10382,39,100,2,7827.299805,17/2/05,Shipped,1,2,2005,Vintage Cars,50,S18_4668,Mini Gifts Distributors Ltd.,4155551450,5677 Strong St.,NULL,San Rafael,CA,97562,USA,NA,Nelson,Valarie,Large
10411,35,59.86999893,7,2095.449951,1/5/2005,Shipped,2,5,2005,Vintage Cars,50,S18_4668,Quebec Home Shopping Network,(514) 555-8054,43 rue St. Laurent,NULL,Montreal,Quebec,H1J 1C3,Canada,NA,Fresnisre,Jean,Small
10424,26,59.86999893,4,1556.619995,31/5/05,In Process,2,5,2005,Vintage Cars,50,S18_4668,Euro Shopping Channel,(91) 555 94 44,"C/ Moralzarzal, 86",NULL,Madrid,NULL,28034,Spain,EMEA,Freyre,Diego,Small
10108,44,100,11,5565.120117,3/3/2003,Shipped,1,3,2003,Classic Cars,148,S18_4721,Cruz & Sons Co.,+63 2 555 3587,15 McCallum Street - NatWest Center #13-03,NULL,Makati City,NULL,1227 MM,Philippines,Japan,Cruz,Arnold,Medium
10122,28,100,15,3583.159912,8/5/2003,Shipped,2,5,2003,Classic Cars,148,S18_4721,Marseille Mini Autos,91.24.4555,"12, rue des Bouchers",NULL,Marseille,NULL,13008,France,EMEA,Lebihan,Laurence,Medium
10135,31,100,12,4705.180176,2/7/2003,Shipped,3,7,2003,Classic Cars,148,S18_4721,Mini Gifts Distributors Ltd.,4155551450,5677 Strong St.,NULL,San Rafael,CA,97562,USA,NA,Nelson,Valarie,Medium
10146,29,100,1,4444.540039,3/9/2003,Shipped,3,9,2003,Classic Cars,148,S18_4721,Gift Ideas Corp.,2035554407,2440 Pompton St.,NULL,Glendale,CT,97561,USA,NA,Lewis,Dan,Medium
10159,32,100,7,4618.879883,10/10/2003,Shipped,4,10,2003,Classic Cars,148,S18_4721,Corporate Gift Ideas Co.,6505551386,7734 Strong St.,NULL,San Francisco,CA,NULL,USA,NA,Brown,Julie,Medium
10169,33,100,7,4910.399902,4/11/2003,Shipped,4,11,2003,Classic Cars,148,S18_4721,"Anna's Decorations, Ltd",02 9936 8555,201 Miller Street,Level 15,North Sydney,NSW,2060,Australia,APAC,O'Hara,Anna,Medium
10180,44,100,2,5565.120117,11/11/2003,Shipped,4,11,2003,Classic Cars,148,S18_4721,Daedalus Designs Imports,20.16.1555,"184, chausse de Tournai",NULL,Lille,NULL,59000,France,EMEA,Rance,Martine,Medium
10191,32,100,8,4237.759766,20/11/03,Shipped,4,11,2003,Classic Cars,148,S18_4721,"Toms Spezialitten, Ltd",0221-5554327,Mehrheimerstr. 369,NULL,Koln,NULL,50739,Germany,EMEA,Pfalzheim,Henriette,Medium
10211,41,100,7,5673.580078,15/1/04,Shipped,1,1,2004,Classic Cars,148,S18_4721,Auto Canal Petit,(1) 47.55.6555,"25, rue Lauriston",NULL,Paris,NULL,75016,France,EMEA,Perrier,Dominique,Medium
10225,35,100,14,5260.149902,22/2/04,Shipped,1,2,2004,Classic Cars,148,S18_4721,"Vida Sport, Ltd",0897-034555,Grenzacherweg 237,NULL,Gensve,NULL,1203,Switzerland,EMEA,Holz,Michael,Medium
10238,44,100,8,6350.959961,9/4/2004,Shipped,2,4,2004,Classic Cars,148,S18_4721,Danish Wholesale Imports,31 12 3555,Vinb'ltet 34,NULL,Kobenhavn,NULL,1734,Denmark,EMEA,Petersen,Jytte,Medium
10252,26,100,4,3559.399902,26/5/04,Shipped,2,5,2004,Classic Cars,148,S18_4721,Auto Canal Petit,(1) 47.55.6555,"25, rue Lauriston",NULL,Paris,NULL,75016,France,EMEA,Perrier,Dominique,Medium
10264,20,100,2,2410.600098,30/6/04,Shipped,2,6,2004,Classic Cars,148,S18_4721,Gifts4AllAges.com,6175559555,8616 Spinnaker Dr.,NULL,Boston,MA,51003,USA,NA,Yoshido,Juri,Small
10276,48,100,8,5713.919922,2/8/2004,Shipped,3,8,2004,Classic Cars,148,S18_4721,Online Mini Collectables,6175557555,7635 Spinnaker Dr.,NULL,Brickhaven,MA,58339,USA,NA,Barajas,Miguel,Medium
10287,34,100,17,4300.319824,30/8/04,Shipped,3,8,2004,Classic Cars,148,S18_4721,"Vida Sport, Ltd",0897-034555,Grenzacherweg 237,NULL,Gensve,NULL,1203,Switzerland,EMEA,Holz,Michael,Medium
10299,49,100,2,7947.310059,30/9/04,Shipped,3,9,2004,Classic Cars,148,S18_4721,"Toys of Finland, Co.",90-224 8555,Keskuskatu 45,NULL,Helsinki,NULL,21240,Finland,EMEA,Karttunen,Matti,Large
10310,40,100,15,5356.799805,16/10/04,Shipped,4,10,2004,Classic Cars,148,S18_4721,"Toms Spezialitten, Ltd",0221-5554327,Mehrheimerstr. 369,NULL,Koln,NULL,50739,Germany,EMEA,Pfalzheim,Henriette,Medium
10319,45,100,3,7901.100098,3/11/2004,Shipped,4,11,2004,Classic Cars,148,S18_4721,Microscale Inc.,2125551957,5290 North Pendale Street,Suite 200,NYC,NY,10022,USA,NA,Kuo,Kee,Large
10330,50,100,4,6101,16/11/04,Shipped,4,11,2004,Classic Cars,148,S18_4721,Cruz & Sons Co.,+63 2 555 3587,15 McCallum Street - NatWest Center #13-03,NULL,Makati City,NULL,1227 MM,Philippines,Japan,Cruz,Arnold,Medium
10342,38,100,11,6276.459961,24/11/04,Shipped,4,11,2004,Classic Cars,148,S18_4721,"Australian Collectors, Co.",03 9520 4555,636 St Kilda Road,Level 3,Melbourne,Victoria,3004,Australia,APAC,Ferguson,Peter,Medium
10355,25,100,2,4203.5,7/12/2004,Shipped,4,12,2004,Classic Cars,148,S18_4721,Euro Shopping Channel,(91) 555 94 44,"C/ Moralzarzal, 86",NULL,Madrid,NULL,28034,Spain,EMEA,Freyre,Diego,Medium
10363,28,58.18000031,13,1629.040039,6/1/2005,Shipped,1,1,2005,Classic Cars,148,S18_4721,Suominen Souveniers,+358 9 8045 555,"Software Engineering Center, SEC Oy",NULL,Espoo,NULL,FIN-02271,Finland,EMEA,Suominen,Kalle,Small
10378,49,67.13999939,8,3289.860107,10/2/2005,Shipped,1,2,2005,Classic Cars,148,S18_4721,Euro Shopping Channel,(91) 555 94 44,"C/ Moralzarzal, 86",NULL,Madrid,NULL,28034,Spain,EMEA,Freyre,Diego,Medium
10390,49,100,3,6862.939941,4/3/2005,Shipped,1,3,2005,Classic Cars,148,S18_4721,Mini Gifts Distributors Ltd.,4155551450,5677 Strong St.,NULL,San Rafael,CA,97562,USA,NA,Nelson,Valarie,Medium
10110,42,61.29000092,9,2574.179932,18/3/03,Shipped,1,3,2003,Classic Cars,71,S18_4933,"AV Stores, Co.",(171) 555-1555,Fauntleroy Circus,NULL,Manchester,NULL,EC2 5NT,UK,EMEA,Ashworth,Victoria,Small
10124,23,57.72999954,8,1327.790039,21/5/03,Shipped,2,5,2003,Classic Cars,71,S18_4933,Signal Gift Stores,7025551838,8489 Strong St.,NULL,Las Vegas,NV,83030,USA,NA,King,Sue,Small
10148,29,81.25,2,2356.25,11/9/2003,Shipped,3,9,2003,Classic Cars,71,S18_4933,"Anna's Decorations, Ltd",02 9936 8555,201 Miller Street,Level 15,North Sydney,NSW,2060,Australia,APAC,O'Hara,Anna,Small
10161,25,80.54000092,1,2013.5,17/10/03,Shipped,4,10,2003,Classic Cars,71,S18_4933,Heintze Collectables,86 21 3555,Smagsloget 45,NULL,Aaarhus,NULL,8200,Denmark,EMEA,Ibsen,Palle,Small
10173,39,71.98000336,15,2807.219971,5/11/2003,Shipped,4,11,2003,Classic Cars,71,S18_4933,Rovelli Gifts,035-640555,Via Ludovico il Moro 22,NULL,Bergamo,NULL,24100,Italy,EMEA,Rovelli,Giovanni,Small
10182,44,69.83999634,12,3072.959961,12/11/2003,Shipped,4,11,2003,Classic Cars,71,S18_4933,Mini Gifts Distributors Ltd.,4155551450,5677 Strong St.,NULL,San Rafael,CA,97562,USA,NA,Nelson,Valarie,Medium
10193,25,76.26000214,16,1906.5,21/11/03,Shipped,4,11,2003,Classic Cars,71,S18_4933,"Australian Collectables, Ltd",61-9-3844-6555,7 Allen Street,NULL,Glen Waverly,Victoria,3150,Australia,APAC,Connery,Sean,Small
10204,45,76.26000214,6,3431.699951,2/12/2003,Shipped,4,12,2003,Classic Cars,71,S18_4933,Muscle Machine Inc,2125557413,4092 Furth Circle,Suite 400,NYC,NY,10022,USA,NA,Young,Jeff,Medium
10213,25,83.38999939,2,2084.75,22/1/04,Shipped,1,1,2004,Classic Cars,71,S18_4933,"Double Decker Gift Stores, Ltd",(171) 555-7555,120 Hanover Sq.,NULL,London,NULL,WA1 1DP,UK,EMEA,Hardy,Thomas,Small
10227,37,57.72999954,12,2136.01001,2/3/2004,Shipped,1,3,2004,Classic Cars,71,S18_4933,"Saveley & Henriot, Co.",78.32.5555,"2, rue du Commerce",NULL,Lyon,NULL,69004,France,EMEA,Saveley,Mary,Small
10241,30,66.98999786,4,2009.699951,13/4/04,Shipped,2,4,2004,Classic Cars,71,S18_4933,Mini Caravy,88.60.1555,"24, place Kluber",NULL,Strasbourg,NULL,67000,France,EMEA,Citeaux,Frederique,Small
10267,36,75.55000305,1,2719.800049,7/7/2004,Shipped,3,7,2004,Classic Cars,71,S18_4933,Muscle Machine Inc,2125557413,4092 Furth Circle,Suite 400,NYC,NY,10022,USA,NA,Young,Jeff,Small
10279,26,60.58000183,1,1575.079956,9/8/2004,Shipped,3,8,2004,Classic Cars,71,S18_4933,Euro Shopping Channel,(91) 555 94 44,"C/ Moralzarzal, 86",NULL,Madrid,NULL,28034,Spain,EMEA,Freyre,Diego,Small
10288,23,73.41000366,7,1688.430054,1/9/2004,Shipped,3,9,2004,Classic Cars,71,S18_4933,Handji Gifts& Co,+65 224 1555,Village Close - 106 Linden Road Sandown,2nd Floor,Singapore,NULL,69045,Singapore,APAC,Victorino,Wendy,Small
10302,23,72.69999695,3,1672.099976,6/10/2003,Shipped,4,10,2003,Classic Cars,71,S18_4933,"UK Collectables, Ltd.",(171) 555-2282,Berkeley Gardens 12  Brewery,NULL,Liverpool,NULL,WX1 6LT,UK,EMEA,Devon,Elizabeth,Small
10311,25,66.98999786,2,1674.75,16/10/04,Shipped,4,10,2004,Classic Cars,71,S18_4933,Euro Shopping Channel,(91) 555 94 44,"C/ Moralzarzal, 86",NULL,Madrid,NULL,28034,Spain,EMEA,Freyre,Diego,Small
10332,21,100,3,3472.97998,17/11/04,Shipped,4,11,2004,Classic Cars,71,S18_4933,"AV Stores, Co.",(171) 555-1555,Fauntleroy Circus,NULL,Manchester,NULL,EC2 5NT,UK,EMEA,Ashworth,Victoria,Medium
10344,26,63.43000031,5,1649.180054,25/11/04,Shipped,4,11,2004,Classic Cars,71,S18_4933,Marseille Mini Autos,91.24.4555,"12, rue des Bouchers",NULL,Marseille,NULL,13008,France,EMEA,Lebihan,Laurence,Small
10367,44,85.25,9,3751,12/1/2005,Resolved,1,1,2005,Classic Cars,71,S18_4933,Toys4GrownUps.com,6265557265,78934 Hillside Dr.,NULL,Pasadena,CA,90003,USA,NA,Young,Julie,Medium
10380,24,100,2,4536,16/2/05,Shipped,1,2,2005,Classic Cars,71,S18_4933,Euro Shopping Channel,(91) 555 94 44,"C/ Moralzarzal, 86",NULL,Madrid,NULL,28034,Spain,EMEA,Freyre,Diego,Medium
10407,66,66.98999786,4,4421.339844,22/4/05,On Hold,2,4,2005,Classic Cars,71,S18_4933,The Sharp Gifts Warehouse,4085553659,3086 Ingle Ln.,NULL,San Jose,CA,94217,USA,NA,Frick,Sue,Medium
10420,36,57.72999954,7,2078.280029,29/5/05,In Process,2,5,2005,Classic Cars,71,S18_4933,Souveniers And Things Co.,+61 2 9495 8555,"Monitor Money Building, 815 Pacific Hwy",Level 6,Chatswood,NSW,2067,Australia,APAC,Huxley,Adrian,Small
10110,36,85.25,13,3069,18/3/03,Shipped,1,3,2003,Classic Cars,73,S24_1046,"AV Stores, Co.",(171) 555-1555,Fauntleroy Circus,NULL,Manchester,NULL,EC2 5NT,UK,EMEA,Ashworth,Victoria,Medium
10124,22,77.90000153,12,1713.800049,21/5/03,Shipped,2,5,2003,Classic Cars,73,S24_1046,Signal Gift Stores,7025551838,8489 Strong St.,NULL,Las Vegas,NV,83030,USA,NA,King,Sue,Small
10148,25,60.25999832,6,1506.5,11/9/2003,Shipped,3,9,2003,Classic Cars,73,S24_1046,"Anna's Decorations, Ltd",02 9936 8555,201 Miller Street,Level 15,North Sydney,NSW,2060,Australia,APAC,O'Hara,Anna,Small
10161,37,72.76000214,5,2692.120117,17/10/03,Shipped,4,10,2003,Classic Cars,73,S24_1046,Heintze Collectables,86 21 3555,Smagsloget 45,NULL,Aaarhus,NULL,8200,Denmark,EMEA,Ibsen,Palle,Small
10172,32,75.69000244,3,2422.080078,5/11/2003,Shipped,4,11,2003,Classic Cars,73,S24_1046,Gift Depot Inc.,2035552570,25593 South Bay Ln.,NULL,Bridgewater,CT,97562,USA,NA,King,Julie,Small
10182,47,74.22000122,16,3488.340088,12/11/2003,Shipped,4,11,2003,Classic Cars,73,S24_1046,Mini Gifts Distributors Ltd.,4155551450,5677 Strong St.,NULL,San Rafael,CA,97562,USA,NA,Nelson,Valarie,Medium
10192,37,69.81999969,4,2583.340088,20/11/03,Shipped,4,11,2003,Classic Cars,73,S24_1046,Online Diecast Creations Co.,6035558647,2304 Long Airport Avenue,NULL,Nashua,NH,62005,USA,NA,Young,Valarie,Small
10204,20,62.47000122,10,1249.400024,2/12/2003,Shipped,4,12,2003,Classic Cars,73,S24_1046,Muscle Machine Inc,2125557413,4092 Furth Circle,Suite 400,NYC,NY,10022,USA,NA,Young,Jeff,Small
10212,41,82.30999756,3,3374.709961,16/1/04,Shipped,1,1,2004,Classic Cars,73,S24_1046,Euro Shopping Channel,(91) 555 94 44,"C/ Moralzarzal, 86",NULL,Madrid,NULL,28034,Spain,EMEA,Freyre,Diego,Medium
10226,21,60.25999832,1,1265.459961,26/2/04,Shipped,1,2,2004,Classic Cars,73,S24_1046,Collectable Mini Designs Co.,7605558146,361 Furth Circle,NULL,San Diego,CA,91217,USA,NA,Thompson,Valarie,Small
10241,22,76.43000031,8,1681.459961,13/4/04,Shipped,2,4,2004,Classic Cars,73,S24_1046,Mini Caravy,88.60.1555,"24, place Kluber",NULL,Strasbourg,NULL,67000,France,EMEA,Citeaux,Frederique,Small
10267,40,80.09999847,5,3204,7/7/2004,Shipped,3,7,2004,Classic Cars,73,S24_1046,Muscle Machine Inc,2125557413,4092 Furth Circle,Suite 400,NYC,NY,10022,USA,NA,Young,Jeff,Medium
10279,32,74.95999908,5,2398.719971,9/8/2004,Shipped,3,8,2004,Classic Cars,73,S24_1046,Euro Shopping Channel,(91) 555 94 44,"C/ Moralzarzal, 86",NULL,Madrid,NULL,28034,Spain,EMEA,Freyre,Diego,Small
10288,36,66.13999939,11,2381.040039,1/9/2004,Shipped,3,9,2004,Classic Cars,73,S24_1046,Handji Gifts& Co,+65 224 1555,Village Close - 106 Linden Road Sandown,2nd Floor,Singapore,NULL,69045,Singapore,APAC,Victorino,Wendy,Small
10301,27,72.01999664,1,1944.540039,5/10/2003,Shipped,4,10,2003,Classic Cars,73,S24_1046,"Norway Gifts By Mail, Co.",+47 2212 1555,"Drammensveien 126 A, PB 744 Sentrum",NULL,Oslo,NULL,N 0106,Norway,EMEA,Klaeboe,Jan,Small
10311,26,87.44999695,6,2273.699951,16/10/04,Shipped,4,10,2004,Classic Cars,73,S24_1046,Euro Shopping Channel,(91) 555 94 44,"C/ Moralzarzal, 86",NULL,Madrid,NULL,28034,Spain,EMEA,Freyre,Diego,Small
10321,30,70.55000305,3,2116.5,4/11/2004,Shipped,4,11,2004,Classic Cars,73,S24_1046,FunGiftIdeas.com,5085552555,1785 First Street,NULL,New Bedford,MA,50553,USA,NA,Benitez,Violeta,Small
10332,23,56.84000015,4,1307.319946,17/11/04,Shipped,4,11,2004,Classic Cars,73,S24_1046,"AV Stores, Co.",(171) 555-1555,Fauntleroy Circus,NULL,Manchester,NULL,EC2 5NT,UK,EMEA,Ashworth,Victoria,Small
10344,29,59.52999878,7,1726.369995,25/11/04,Shipped,4,11,2004,Classic Cars,73,S24_1046,Marseille Mini Autos,91.24.4555,"12, rue des Bouchers",NULL,Marseille,NULL,13008,France,EMEA,Lebihan,Laurence,Small
10367,21,60.36999893,10,1267.77002,12/1/2005,Resolved,1,1,2005,Classic Cars,73,S24_1046,Toys4GrownUps.com,6265557265,78934 Hillside Dr.,NULL,Pasadena,CA,90003,USA,NA,Young,Julie,Small
10380,34,100,3,3441.820068,16/2/05,Shipped,1,2,2005,Classic Cars,73,S24_1046,Euro Shopping Channel,(91) 555 94 44,"C/ Moralzarzal, 86",NULL,Madrid,NULL,28034,Spain,EMEA,Freyre,Diego,Medium
10407,26,76.43000031,8,1987.180054,22/4/05,On Hold,2,4,2005,Classic Cars,73,S24_1046,The Sharp Gifts Warehouse,4085553659,3086 Ingle Ln.,NULL,San Jose,CA,94217,USA,NA,Frick,Sue,Small
10420,60,64.66999817,11,3880.199951,29/5/05,In Process,2,5,2005,Classic Cars,73,S24_1046,Souveniers And Things Co.,+61 2 9495 8555,"Monitor Money Building, 815 Pacific Hwy",Level 6,Chatswood,NSW,2067,Australia,APAC,Huxley,Adrian,Medium
10104,35,55.49000168,6,1942.150024,31/1/03,Shipped,1,1,2003,Classic Cars,57,S24_1444,Euro Shopping Channel,(91) 555 94 44,"C/ Moralzarzal, 86",NULL,Madrid,NULL,28034,Spain,EMEA,Freyre,Diego,Small
10115,47,69.36000061,2,3259.919922,4/4/2003,Shipped,2,4,2003,Classic Cars,57,S24_1444,Classic Legends Inc.,2125558493,5905 Pompton St.,Suite 750,NYC,NY,10022,USA,NA,Hernandez,Maria,Medium
10127,20,60.68999863,8,1213.800049,3/6/2003,Shipped,2,6,2003,Classic Cars,57,S24_1444,Muscle Machine Inc,2125557413,4092 Furth Circle,Suite 400,NYC,NY,10022,USA,NA,Young,Jeff,Small
10141,20,54.33000183,2,1086.599976,1/8/2003,Shipped,3,8,2003,Classic Cars,57,S24_1444,Suominen Souveniers,+358 9 8045 555,"Software Engineering Center, SEC Oy",NULL,Espoo,NULL,FIN-02271,Finland,EMEA,Suominen,Kalle,Small
10152,25,65.30999756,4,1632.75,25/9/03,Shipped,3,9,2003,Classic Cars,57,S24_1444,"Australian Gift Network, Co",61-7-3844-6555,31 Duncan St. West End,NULL,South Brisbane,Queensland,4101,Australia,APAC,Calaghan,Tony,Small
10165,25,69.36000061,9,1734,22/10/03,Shipped,4,10,2003,Classic Cars,57,S24_1444,"Dragon Souveniers, Ltd.",+65 221 7555,"Bronz Sok., Bronz Apt. 3/6 Tesvikiye",NULL,Singapore,NULL,79903,Singapore,Japan,Natividad,Eric,Small
10176,27,68.77999878,8,1857.060059,6/11/2003,Shipped,4,11,2003,Classic Cars,57,S24_1444,L'ordine Souveniers,0522-556555,Strada Provinciale 124,NULL,Reggio Emilia,NULL,42100,Italy,EMEA,Moroni,Maurizio,Small
10184,31,60.11000061,3,1863.410034,14/11/03,Shipped,4,11,2003,Classic Cars,57,S24_1444,"Iberia Gift Imports, Corp.",(95) 555 82 82,"C/ Romero, 33",NULL,Sevilla,NULL,41101,Spain,EMEA,Roel,Jose Pedro,Small
10195,44,66.47000122,3,2924.679932,25/11/03,Shipped,4,11,2003,Classic Cars,57,S24_1444,Mini Classics,9145554562,3758 North Pendale Street,NULL,White Plains,NY,24067,USA,NA,Frick,Steve,Small
10207,49,46.81999969,4,2294.179932,9/12/2003,Shipped,4,12,2003,Classic Cars,57,S24_1444,Diecast Collectables,6175552555,6251 Ingle Ln.,NULL,Boston,MA,51003,USA,NA,Franco,Valarie,Small
10220,26,56.06999969,8,1457.819946,12/2/2004,Shipped,1,2,2004,Classic Cars,57,S24_1444,"Clover Collections, Co.",+353 1862 1555,25 Maiden Lane,Floor No. 4,Dublin,NULL,2,Ireland,EMEA,Cassidy,Dean,Small
10230,36,54.33000183,6,1955.880005,15/3/04,Shipped,1,3,2004,Classic Cars,57,S24_1444,"Blauer See Auto, Co.",+49 69 66 90 2555,Lyonerstr. 34,NULL,Frankfurt,NULL,60528,Germany,EMEA,Keitel,Roland,Small
10246,44,52.59999847,2,2314.399902,5/5/2004,Shipped,2,5,2004,Classic Cars,57,S24_1444,Euro Shopping Channel,(91) 555 94 44,"C/ Moralzarzal, 86",NULL,Madrid,NULL,28034,Spain,EMEA,Freyre,Diego,Small
10259,28,46.81999969,1,1310.959961,15/6/04,Shipped,2,6,2004,Classic Cars,57,S24_1444,Handji Gifts& Co,+65 224 1555,Village Close - 106 Linden Road Sandown,2nd Floor,Singapore,NULL,69045,Singapore,APAC,Victorino,Wendy,Small
10271,45,64.73999786,2,2913.300049,20/7/04,Shipped,3,7,2004,Classic Cars,57,S24_1444,Mini Gifts Distributors Ltd.,4155551450,5677 Strong St.,NULL,San Rafael,CA,97562,USA,NA,Nelson,Valarie,Small
10282,29,46.81999969,11,1357.780029,20/8/04,Shipped,3,8,2004,Classic Cars,57,S24_1444,Mini Gifts Distributors Ltd.,4155551450,5677 Strong St.,NULL,San Rafael,CA,97562,USA,NA,Nelson,Valarie,Small
10292,40,53.75,5,2150,8/9/2004,Shipped,3,9,2004,Classic Cars,57,S24_1444,Land of Toys Inc.,2125557818,897 Long Airport Avenue,NULL,NYC,NY,10022,USA,NA,Yu,Kwai,Small
10305,45,61.84999847,2,2783.25,13/10/04,Shipped,4,10,2004,Classic Cars,57,S24_1444,Marta's Replicas Co.,6175558555,39323 Spinnaker Dr.,NULL,Cambridge,MA,51247,USA,NA,Hernandez,Marta,Small
10314,44,53.18000031,11,2339.919922,22/10/04,Shipped,4,10,2004,Classic Cars,57,S24_1444,Heintze Collectables,86 21 3555,Smagsloget 45,NULL,Aaarhus,NULL,8200,Denmark,EMEA,Ibsen,Palle,Small
10324,25,69.16000366,14,1729,5/11/2004,Shipped,4,11,2004,Classic Cars,57,S24_1444,Vitachrome Inc.,2125551500,2678 Kingston Rd.,Suite 101,NYC,NY,10022,USA,NA,Frick,Michael,Small
10336,45,100,4,5972.399902,20/11/04,Shipped,4,11,2004,Classic Cars,57,S24_1444,"La Corne D'abondance, Co.",(1) 42.34.2555,"265, boulevard Charonne",NULL,Paris,NULL,75012,France,EMEA,Bertrand,Marie,Medium
10349,48,47.40000153,4,2275.199951,1/12/2004,Shipped,4,12,2004,Classic Cars,57,S24_1444,Muscle Machine Inc,2125557413,4092 Furth Circle,Suite 400,NYC,NY,10022,USA,NA,Young,Jeff,Small
10358,44,60.75999832,14,2673.439941,10/12/2004,Shipped,4,12,2004,Classic Cars,57,S24_1444,Euro Shopping Channel,(91) 555 94 44,"C/ Moralzarzal, 86",NULL,Madrid,NULL,28034,Spain,EMEA,Freyre,Diego,Small
10371,25,97.26999664,12,2431.75,23/1/05,Shipped,1,1,2005,Classic Cars,57,S24_1444,Mini Gifts Distributors Ltd.,4155551450,5677 Strong St.,NULL,San Rafael,CA,97562,USA,NA,Nelson,Valarie,Small
10383,22,91.76000214,2,2018.719971,22/2/05,Shipped,1,2,2005,Classic Cars,57,S24_1444,Euro Shopping Channel,(91) 555 94 44,"C/ Moralzarzal, 86",NULL,Madrid,NULL,28034,Spain,EMEA,Freyre,Diego,Small
10394,31,50.29000092,2,1558.98999,15/3/05,Shipped,1,3,2005,Classic Cars,57,S24_1444,Euro Shopping Channel,(91) 555 94 44,"C/ Moralzarzal, 86",NULL,Madrid,NULL,28034,Spain,EMEA,Freyre,Diego,Small
10412,21,52.59999847,2,1104.599976,3/5/2005,Shipped,2,5,2005,Classic Cars,57,S24_1444,Euro Shopping Channel,(91) 555 94 44,"C/ Moralzarzal, 86",NULL,Madrid,NULL,28034,Spain,EMEA,Freyre,Diego,Small
10425,55,46.81999969,1,2575.100098,31/5/05,In Process,2,5,2005,Classic Cars,57,S24_1444,La Rochelle Gifts,40.67.8555,"67, rue des Cinquante Otages",NULL,Nantes,NULL,44000,France,EMEA,Labrune,Janine,Small
10107,25,100,3,2845.75,24/2/03,Shipped,1,2,2003,Motorcycles,112,S24_1578,Land of Toys Inc.,2125557818,897 Long Airport Avenue,NULL,NYC,NY,10022,USA,NA,Yu,Kwai,Small
10120,35,98.05000305,1,3431.75,29/4/03,Shipped,2,4,2003,Motorcycles,112,S24_1578,"Australian Collectors, Co.",03 9520 4555,636 St Kilda Road,Level 3,Melbourne,Victoria,3004,Australia,APAC,Ferguson,Peter,Medium
10134,35,93.54000092,3,3273.899902,1/7/2003,Shipped,3,7,2003,Motorcycles,112,S24_1578,Lyon Souveniers,+33 1 46 62 7555,27 rue du Colonel Pierre Avia,NULL,Paris,NULL,75508,France,EMEA,Da Cunha,Daniel,Medium
10145,43,95.80000305,7,4119.399902,25/8/03,Shipped,3,8,2003,Motorcycles,112,S24_1578,Toys4GrownUps.com,6265557265,78934 Hillside Dr.,NULL,Pasadena,CA,90003,USA,NA,Young,Julie,Medium
10159,44,100,15,5355.680176,10/10/2003,Shipped,4,10,2003,Motorcycles,112,S24_1578,Corporate Gift Ideas Co.,6505551386,7734 Strong St.,NULL,San Francisco,CA,NULL,USA,NA,Brown,Julie,Medium
10168,50,100,2,5747.5,28/10/03,Shipped,4,10,2003,Motorcycles,112,S24_1578,Technics Stores Inc.,6505556809,9408 Furth Circle,NULL,Burlingame,CA,94217,USA,NA,Hirano,Juri,Medium
10180,48,100,10,5355.359863,11/11/2003,Shipped,4,11,2003,Motorcycles,112,S24_1578,Daedalus Designs Imports,20.16.1555,"184, chausse de Tournai",NULL,Lille,NULL,59000,France,EMEA,Rance,Martine,Medium
10188,25,100,2,2535.75,18/11/03,Shipped,4,11,2003,Motorcycles,112,S24_1578,Herkku Gifts,+47 2267 3215,"Drammen 121, PR 744 Sentrum",NULL,Bergen,NULL,N 5804,Norway,EMEA,Oeztan,Veysel,Small
10201,39,100,3,4351.22998,1/12/2003,Shipped,4,12,2003,Motorcycles,112,S24_1578,Mini Wheels Co.,6505555787,5557 North Pendale Street,NULL,San Francisco,CA,NULL,USA,NA,Murphy,Julie,Medium
10211,25,90.16000366,15,2254,15/1/04,Shipped,1,1,2004,Motorcycles,112,S24_1578,Auto Canal Petit,(1) 47.55.6555,"25, rue Lauriston",NULL,Paris,NULL,75016,France,EMEA,Perrier,Dominique,Small
10223,32,91.29000092,2,2921.280029,20/2/04,Shipped,1,2,2004,Motorcycles,112,S24_1578,"Australian Collectors, Co.",03 9520 4555,636 St Kilda Road,Level 3,Melbourne,Victoria,3004,Australia,APAC,Ferguson,Peter,Small
10237,20,100,8,2299,5/4/2004,Shipped,2,4,2004,Motorcycles,112,S24_1578,Vitachrome Inc.,2125551500,2678 Kingston Rd.,Suite 101,NYC,NY,10022,USA,NA,Frick,Michael,Small
10251,26,100,3,2637.179932,18/5/04,Shipped,2,5,2004,Motorcycles,112,S24_1578,Tekni Collectables Inc.,2015559350,7476 Moss Rd.,NULL,Newark,NJ,94019,USA,NA,Brown,William,Small
10263,42,100,3,4307.52002,28/6/04,Shipped,2,6,2004,Motorcycles,112,S24_1578,Gift Depot Inc.,2035552570,25593 South Bay Ln.,NULL,Bridgewater,CT,97562,USA,NA,King,Julie,Medium
10275,21,100,2,2153.76001,23/7/04,Shipped,3,7,2004,Motorcycles,112,S24_1578,La Rochelle Gifts,40.67.8555,"67, rue des Cinquante Otages",NULL,Nantes,NULL,44000,France,EMEA,Labrune,Janine,Small
10285,34,100,7,3716.879883,27/8/04,Shipped,3,8,2004,Motorcycles,112,S24_1578,Marta's Replicas Co.,6175558555,39323 Spinnaker Dr.,NULL,Cambridge,MA,51247,USA,NA,Hernandez,Marta,Medium
10299,47,100,10,5455.759766,30/9/04,Shipped,3,9,2004,Motorcycles,112,S24_1578,"Toys of Finland, Co.",90-224 8555,Keskuskatu 45,NULL,Helsinki,NULL,21240,Finland,EMEA,Karttunen,Matti,Medium
10309,21,100,6,2650.620117,15/10/04,Shipped,4,10,2004,Motorcycles,112,S24_1578,Baane Mini Imports,07-98 9555,Erling Skakkes gate 78,NULL,Stavern,NULL,4110,Norway,EMEA,Bergulfsen,Jonas,Small
10318,48,100,2,6437.279785,2/11/2004,Shipped,4,11,2004,Motorcycles,112,S24_1578,Diecast Classics Inc.,2155551555,7586 Pompton St.,NULL,Allentown,PA,70267,USA,NA,Yu,Kyung,Medium
10329,30,87.77999878,7,2633.399902,15/11/04,Shipped,4,11,2004,Motorcycles,112,S24_1578,Land of Toys Inc.,2125557818,897 Long Airport Avenue,NULL,NYC,NY,10022,USA,NA,Yu,Kwai,Small
10339,27,84.38999939,10,2278.530029,23/11/04,Shipped,4,11,2004,Motorcycles,112,S24_1578,"Tokyo Collectables, Ltd",+81 3 3584 0555,2-2-8 Roppongi,NULL,Minato-ku,Tokyo,106-0032,Japan,Japan,Shimamura,Akiko,Small
10362,50,96.91999817,2,4846,5/1/2005,Shipped,1,1,2005,Motorcycles,112,S24_1578,Technics Stores Inc.,6505556809,9408 Furth Circle,NULL,Burlingame,CA,94217,USA,NA,Hirano,Juri,Medium
10374,38,100,6,4197.100098,2/2/2005,Shipped,1,2,2005,Motorcycles,112,S24_1578,"Australian Gift Network, Co",61-7-3844-6555,31 Duncan St. West End,NULL,South Brisbane,Queensland,4101,Australia,APAC,Calaghan,Tony,Medium
10389,45,100,1,4597.649902,3/3/2005,Shipped,1,3,2005,Motorcycles,112,S24_1578,Scandinavian Gift Ideas,0695-34 6555,?kergatan 24,NULL,Boras,NULL,S-844 67,Sweden,EMEA,Larsson,Maria,Medium
10403,46,100,8,5287.700195,8/4/2005,Shipped,2,4,2005,Motorcycles,112,S24_1578,"UK Collectables, Ltd.",(171) 555-2282,Berkeley Gardens 12  Brewery,NULL,Liverpool,NULL,WX1 6LT,UK,EMEA,Devon,Elizabeth,Medium
10417,35,100,3,3550.050049,13/5/05,Disputed,2,5,2005,Motorcycles,112,S24_1578,Euro Shopping Channel,(91) 555 94 44,"C/ Moralzarzal, 86",NULL,Madrid,NULL,28034,Spain,EMEA,Freyre,Diego,Medium
10110,29,59.36999893,15,1721.72998,18/3/03,Shipped,1,3,2003,Classic Cars,50,S24_1628,"AV Stores, Co.",(171) 555-1555,Fauntleroy Circus,NULL,Manchester,NULL,EC2 5NT,UK,EMEA,Ashworth,Victoria,Small
10123,50,59.86999893,1,2993.5,20/5/03,Shipped,2,5,2003,Classic Cars,50,S24_1628,Atelier graphique,40.32.2555,"54, rue Royale",NULL,Nantes,NULL,44000,France,EMEA,Schmitt,Carine,Small
10137,26,49.81000137,1,1295.060059,10/7/2003,Shipped,3,7,2003,Classic Cars,50,S24_1628,Reims Collectables,26.47.1555,59 rue de l'Abbaye,NULL,Reims,NULL,51100,France,EMEA,Henriot,Paul,Small
10148,47,56.84999847,8,2671.949951,11/9/2003,Shipped,3,9,2003,Classic Cars,50,S24_1628,"Anna's Decorations, Ltd",02 9936 8555,201 Miller Street,Level 15,North Sydney,NSW,2060,Australia,APAC,O'Hara,Anna,Small
10161,23,53.33000183,7,1226.589966,17/10/03,Shipped,4,10,2003,Classic Cars,50,S24_1628,Heintze Collectables,86 21 3555,Smagsloget 45,NULL,Aaarhus,NULL,8200,Denmark,EMEA,Ibsen,Palle,Small
10172,34,42.75999832,5,1453.839966,5/11/2003,Shipped,4,11,2003,Classic Cars,50,S24_1628,Gift Depot Inc.,2035552570,25593 South Bay Ln.,NULL,Bridgewater,CT,97562,USA,NA,King,Julie,Small
10181,34,53.83000183,1,1830.219971,12/11/2003,Shipped,4,11,2003,Classic Cars,50,S24_1628,Herkku Gifts,+47 2267 3215,"Drammen 121, PR 744 Sentrum",NULL,Bergen,NULL,N 5804,Norway,EMEA,Oeztan,Veysel,Small
10192,47,53.83000183,6,2530.01001,20/11/03,Shipped,4,11,2003,Classic Cars,50,S24_1628,Online Diecast Creations Co.,6035558647,2304 Long Airport Avenue,NULL,Nashua,NH,62005,USA,NA,Young,Valarie,Small
10204,45,49.81000137,12,2241.449951,2/12/2003,Shipped,4,12,2003,Classic Cars,50,S24_1628,Muscle Machine Inc,2125557413,4092 Furth Circle,Suite 400,NYC,NY,10022,USA,NA,Young,Jeff,Small
10212,45,53.33000183,5,2399.850098,16/1/04,Shipped,1,1,2004,Classic Cars,50,S24_1628,Euro Shopping Channel,(91) 555 94 44,"C/ Moralzarzal, 86",NULL,Madrid,NULL,28034,Spain,EMEA,Freyre,Diego,Small
10226,36,43.27000046,3,1557.719971,26/2/04,Shipped,1,2,2004,Classic Cars,50,S24_1628,Collectable Mini Designs Co.,7605558146,361 Furth Circle,NULL,San Diego,CA,91217,USA,NA,Thompson,Valarie,Small
10241,21,40.25,10,845.25,13/4/04,Shipped,2,4,2004,Classic Cars,50,S24_1628,Mini Caravy,88.60.1555,"24, place Kluber",NULL,Strasbourg,NULL,67000,France,EMEA,Citeaux,Frederique,Small
10266,28,48.29999924,1,1352.400024,6/7/2004,Shipped,3,7,2004,Classic Cars,50,S24_1628,L'ordine Souveniers,0522-556555,Strada Provinciale 124,NULL,Reggio Emilia,NULL,42100,Italy,EMEA,Moroni,Maurizio,Small
10278,35,45.27999878,1,1584.800049,6/8/2004,Shipped,3,8,2004,Classic Cars,50,S24_1628,Signal Gift Stores,7025551838,8489 Strong St.,NULL,Las Vegas,NV,83030,USA,NA,King,Sue,Small
10288,50,52.31999969,13,2616,1/9/2004,Shipped,3,9,2004,Classic Cars,50,S24_1628,Handji Gifts& Co,+65 224 1555,Village Close - 106 Linden Road Sandown,2nd Floor,Singapore,NULL,69045,Singapore,APAC,Victorino,Wendy,Small
10301,22,51.31999969,3,1129.040039,5/10/2003,Shipped,4,10,2003,Classic Cars,50,S24_1628,"Norway Gifts By Mail, Co.",+47 2212 1555,"Drammensveien 126 A, PB 744 Sentrum",NULL,Oslo,NULL,N 0106,Norway,EMEA,Klaeboe,Jan,Small
10311,45,49.29999924,8,2218.5,16/10/04,Shipped,4,10,2004,Classic Cars,50,S24_1628,Euro Shopping Channel,(91) 555 94 44,"C/ Moralzarzal, 86",NULL,Madrid,NULL,28034,Spain,EMEA,Freyre,Diego,Small
10321,48,42.25999832,5,2028.47998,4/11/2004,Shipped,4,11,2004,Classic Cars,50,S24_1628,FunGiftIdeas.com,5085552555,1785 First Street,NULL,New Bedford,MA,50553,USA,NA,Benitez,Violeta,Small
10332,20,87.95999908,5,1759.199951,17/11/04,Shipped,4,11,2004,Classic Cars,50,S24_1628,"AV Stores, Co.",(171) 555-1555,Fauntleroy Circus,NULL,Manchester,NULL,EC2 5NT,UK,EMEA,Ashworth,Victoria,Small
10343,27,36.20999908,6,977.6699829,24/11/04,Shipped,4,11,2004,Classic Cars,50,S24_1628,Reims Collectables,26.47.1555,59 rue de l'Abbaye,NULL,Reims,NULL,51100,France,EMEA,Henriot,Paul,Small
10367,38,38.5,11,1463,12/1/2005,Resolved,1,1,2005,Classic Cars,50,S24_1628,Toys4GrownUps.com,6265557265,78934 Hillside Dr.,NULL,Pasadena,CA,90003,USA,NA,Young,Julie,Small
10379,32,100,3,3970.560059,10/2/2005,Shipped,1,2,2005,Classic Cars,50,S24_1628,Euro Shopping Channel,(91) 555 94 44,"C/ Moralzarzal, 86",NULL,Madrid,NULL,28034,Spain,EMEA,Freyre,Diego,Medium
10407,64,40.25,10,2576,22/4/05,On Hold,2,4,2005,Classic Cars,50,S24_1628,The Sharp Gifts Warehouse,4085553659,3086 Ingle Ln.,NULL,San Jose,CA,94217,USA,NA,Frick,Sue,Small
10420,37,60.36999893,13,2233.689941,29/5/05,In Process,2,5,2005,Classic Cars,50,S24_1628,Souveniers And Things Co.,+61 2 9495 8555,"Monitor Money Building, 815 Pacific Hwy",Level 6,Chatswood,NSW,2067,Australia,APAC,Huxley,Adrian,Small
10106,28,88.62999725,4,2481.639893,17/2/03,Shipped,1,2,2003,Planes,109,S24_1785,Rovelli Gifts,035-640555,Via Ludovico il Moro 22,NULL,Bergamo,NULL,24100,Italy,EMEA,Rovelli,Giovanni,Small
10120,39,100,10,4651.529785,29/4/03,Shipped,2,4,2003,Planes,109,S24_1785,"Australian Collectors, Co.",03 9520 4555,636 St Kilda Road,Level 3,Melbourne,Victoria,3004,Australia,APAC,Ferguson,Peter,Medium
10133,41,94.09999847,5,3858.100098,27/6/03,Shipped,2,6,2003,Planes,109,S24_1785,Euro Shopping Channel,(91) 555 94 44,"C/ Moralzarzal, 86",NULL,Madrid,NULL,28034,Spain,EMEA,Freyre,Diego,Medium
10145,40,87.54000092,16,3501.600098,25/8/03,Shipped,3,8,2003,Planes,109,S24_1785,Toys4GrownUps.com,6265557265,78934 Hillside Dr.,NULL,Pasadena,CA,90003,USA,NA,Young,Julie,Medium
10168,49,100,11,6433.700195,28/10/03,Shipped,4,10,2003,Planes,109,S24_1785,Technics Stores Inc.,6505556809,9408 Furth Circle,NULL,Burlingame,CA,94217,USA,NA,Hirano,Juri,Medium
10210,27,98.48000336,9,2658.959961,12/1/2004,Shipped,1,1,2004,Planes,109,S24_1785,Osaka Souveniers Co.,+81 06 6342 5555,"Dojima Avanza 4F, 1-6-20 Dojima, Kita-ku",NULL,Osaka,Osaka,530-0003,Japan,Japan,Kentary,Mory,Small
10223,34,100,11,3608.76001,20/2/04,Shipped,1,2,2004,Planes,109,S24_1785,"Australian Collectors, Co.",03 9520 4555,636 St Kilda Road,Level 3,Melbourne,Victoria,3004,Australia,APAC,Ferguson,Peter,Medium
10235,23,96.29000092,5,2214.669922,2/4/2004,Shipped,2,4,2004,Planes,109,S24_1785,"Royal Canadian Collectables, Ltd.",(604) 555-4555,23 Tsawassen Blvd.,NULL,Tsawassen,BC,T2F 8M4,Canada,NA,Lincoln,Elizabeth,Small
10250,31,88.62999725,6,2747.530029,11/5/2004,Shipped,2,5,2004,Planes,109,S24_1785,The Sharp Gifts Warehouse,4085553659,3086 Ingle Ln.,NULL,San Jose,CA,94217,USA,NA,Frick,Sue,Small
10262,34,97.37999725,1,3310.919922,24/6/04,Cancelled,2,6,2004,Planes,109,S24_1785,Euro Shopping Channel,(91) 555 94 44,"C/ Moralzarzal, 86",NULL,Madrid,NULL,28034,Spain,EMEA,Freyre,Diego,Medium
10275,25,95.19999695,11,2380,23/7/04,Shipped,3,7,2004,Planes,109,S24_1785,La Rochelle Gifts,40.67.8555,"67, rue des Cinquante Otages",NULL,Nantes,NULL,44000,France,EMEA,Labrune,Janine,Small
10284,22,100,3,2310.879883,21/8/04,Shipped,3,8,2004,Planes,109,S24_1785,"Norway Gifts By Mail, Co.",+47 2212 1555,"Drammensveien 126 A, PB 744 Sentrum",NULL,Oslo,NULL,N 0106,Norway,EMEA,Klaeboe,Jan,Small
10297,32,100,6,4061.76001,16/9/04,Shipped,3,9,2004,Planes,109,S24_1785,"Clover Collections, Co.",+353 1862 1555,25 Maiden Lane,Floor No. 4,Dublin,NULL,2,Ireland,EMEA,Cassidy,Dean,Medium
10308,31,100,9,3493.699951,15/10/04,Shipped,4,10,2004,Planes,109,S24_1785,Mini Classics,9145554562,3758 North Pendale Street,NULL,White Plains,NY,24067,USA,NA,Frick,Steve,Medium
10316,25,100,1,2872.25,1/11/2004,Shipped,4,11,2004,Planes,109,S24_1785,giftsbymail.co.uk,(198) 555-8888,Garden House Crowther Way,NULL,Cowes,Isle of Wight,PO31 7PJ,UK,EMEA,Bennett,Helen,Small
10328,47,87.54000092,14,4114.379883,12/11/2004,Shipped,4,11,2004,Planes,109,S24_1785,Rovelli Gifts,035-640555,Via Ludovico il Moro 22,NULL,Bergamo,NULL,24100,Italy,EMEA,Rovelli,Giovanni,Medium
10339,21,50.65000153,7,1063.650024,23/11/04,Shipped,4,11,2004,Planes,109,S24_1785,"Tokyo Collectables, Ltd",+81 3 3584 0555,2-2-8 Roppongi,NULL,Minato-ku,Tokyo,106-0032,Japan,Japan,Shimamura,Akiko,Small
10353,28,71.73000336,2,2008.439941,4/12/2004,Shipped,4,12,2004,Planes,109,S24_1785,Gift Ideas Corp.,2035554407,2440 Pompton St.,NULL,Glendale,CT,97561,USA,NA,Lewis,Dan,Small
10374,46,94.09999847,3,4328.600098,2/2/2005,Shipped,1,2,2005,Planes,109,S24_1785,"Australian Gift Network, Co",61-7-3844-6555,31 Duncan St. West End,NULL,South Brisbane,Queensland,4101,Australia,APAC,Calaghan,Tony,Medium
10386,33,41.70999908,11,1376.430054,1/3/2005,Resolved,1,3,2005,Planes,109,S24_1785,Euro Shopping Channel,(91) 555 94 44,"C/ Moralzarzal, 86",NULL,Madrid,NULL,28034,Spain,EMEA,Freyre,Diego,Small
10398,43,100,16,5552.160156,30/3/05,Shipped,1,3,2005,Planes,109,S24_1785,Reims Collectables,26.47.1555,59 rue de l'Abbaye,NULL,Reims,NULL,51100,France,EMEA,Henriot,Paul,Medium
10401,38,96.29000092,5,3659.02002,3/4/2005,On Hold,2,4,2005,Planes,109,S24_1785,Tekni Collectables Inc.,2015559350,7476 Moss Rd.,NULL,Newark,NJ,94019,USA,NA,Brown,William,Medium
10416,47,88.62999725,6,4165.609863,10/5/2005,Shipped,2,5,2005,Planes,109,S24_1785,L'ordine Souveniers,0522-556555,Strada Provinciale 124,NULL,Reggio Emilia,NULL,42100,Italy,EMEA,Moroni,Maurizio,Medium
10101,45,31.20000076,3,1404,9/1/2003,Shipped,1,1,2003,Vintage Cars,33,S24_1937,"Blauer See Auto, Co.",+49 69 66 90 2555,Lyonerstr. 34,NULL,Frankfurt,NULL,60528,Germany,EMEA,Keitel,Roland,Small
10110,20,35.50999832,3,710.2000122,18/3/03,Shipped,1,3,2003,Vintage Cars,33,S24_1937,"AV Stores, Co.",(171) 555-1555,Fauntleroy Circus,NULL,Manchester,NULL,EC2 5NT,UK,EMEA,Ashworth,Victoria,Small
10124,45,37.84000015,2,1702.800049,21/5/03,Shipped,2,5,2003,Vintage Cars,33,S24_1937,Signal Gift Stores,7025551838,8489 Strong St.,NULL,Las Vegas,NV,83030,USA,NA,King,Sue,Small
10149,36,33.18999863,7,1194.839966,12/9/2003,Shipped,3,9,2003,Vintage Cars,33,S24_1937,Signal Collectibles Ltd.,4155554312,2793 Furth Circle,NULL,Brisbane,CA,94217,USA,NA,Taylor,Sue,Small
10162,37,27.21999931,5,1007.140015,18/10/03,Shipped,4,10,2003,Vintage Cars,33,S24_1937,Corporate Gift Ideas Co.,6505551386,7734 Strong St.,NULL,San Francisco,CA,NULL,USA,NA,Brown,Julie,Small
10173,31,31.53000069,9,977.4299927,5/11/2003,Shipped,4,11,2003,Vintage Cars,33,S24_1937,Rovelli Gifts,035-640555,Via Ludovico il Moro 22,NULL,Bergamo,NULL,24100,Italy,EMEA,Rovelli,Giovanni,Small
10182,39,36.84000015,6,1436.76001,12/11/2003,Shipped,4,11,2003,Vintage Cars,33,S24_1937,Mini Gifts Distributors Ltd.,4155551450,5677 Strong St.,NULL,San Rafael,CA,97562,USA,NA,Nelson,Valarie,Small
10193,26,29.20999908,10,759.460022,21/11/03,Shipped,4,11,2003,Vintage Cars,33,S24_1937,"Australian Collectables, Ltd",61-9-3844-6555,7 Allen Street,NULL,Glen Waverly,Victoria,3150,Australia,APAC,Connery,Sean,Small
10205,32,37.16999817,5,1189.439941,3/12/2003,Shipped,4,12,2003,Vintage Cars,33,S24_1937,Euro Shopping Channel,(91) 555 94 44,"C/ Moralzarzal, 86",NULL,Madrid,NULL,28034,Spain,EMEA,Freyre,Diego,Small
10214,20,34.18999863,3,683.7999878,26/1/04,Shipped,1,1,2004,Vintage Cars,33,S24_1937,"Corrida Auto Replicas, Ltd",(91) 555 22 82,"C/ Araquil, 67",NULL,Madrid,NULL,28023,Spain,EMEA,Sommer,Mart n,Small
10227,42,29.20999908,6,1226.819946,2/3/2004,Shipped,1,3,2004,Vintage Cars,33,S24_1937,"Saveley & Henriot, Co.",78.32.5555,"2, rue du Commerce",NULL,Lyon,NULL,69004,France,EMEA,Saveley,Mary,Small
10243,33,29.54000092,1,974.8200073,26/4/04,Shipped,2,4,2004,Vintage Cars,33,S24_1937,Diecast Collectables,6175552555,6251 Ingle Ln.,NULL,Boston,MA,51003,USA,NA,Franco,Valarie,Small
10280,20,28.87999916,12,577.5999756,17/8/04,Shipped,3,8,2004,Vintage Cars,33,S24_1937,Amica Models & Co.,011-4988555,Via Monte Bianco 34,NULL,Torino,NULL,10100,Italy,EMEA,Accorti,Paolo,Small
10288,29,38.16999817,1,1106.930054,1/9/2004,Shipped,3,9,2004,Vintage Cars,33,S24_1937,Handji Gifts& Co,+65 224 1555,Village Close - 106 Linden Road Sandown,2nd Floor,Singapore,NULL,69045,Singapore,APAC,Victorino,Wendy,Small
10304,23,30.20000076,16,694.5999756,11/10/2004,Shipped,4,10,2004,Vintage Cars,33,S24_1937,Auto Assoc. & Cie.,30.59.8555,"67, avenue de l'Europe",NULL,Versailles,NULL,78000,France,EMEA,Tonini,Daniel,Small
10312,39,29.54000092,13,1152.060059,21/10/04,Shipped,4,10,2004,Vintage Cars,33,S24_1937,Mini Gifts Distributors Ltd.,4155551450,5677 Strong St.,NULL,San Rafael,CA,97562,USA,NA,Nelson,Valarie,Small
10322,20,100,3,2624,4/11/2004,Shipped,4,11,2004,Vintage Cars,33,S24_1937,Online Diecast Creations Co.,6035558647,2304 Long Airport Avenue,NULL,Nashua,NH,62005,USA,NA,Young,Valarie,Small
10332,45,81.91000366,6,3685.949951,17/11/04,Shipped,4,11,2004,Vintage Cars,33,S24_1937,"AV Stores, Co.",(171) 555-1555,Fauntleroy Circus,NULL,Manchester,NULL,EC2 5NT,UK,EMEA,Ashworth,Victoria,Medium
10344,20,35.18000031,6,703.5999756,25/11/04,Shipped,4,11,2004,Vintage Cars,33,S24_1937,Marseille Mini Autos,91.24.4555,"12, rue des Bouchers",NULL,Marseille,NULL,13008,France,EMEA,Lebihan,Laurence,Small
10356,48,100,5,9720,9/12/2004,Shipped,4,12,2004,Vintage Cars,33,S24_1937,Lyon Souveniers,+33 1 46 62 7555,27 rue du Colonel Pierre Avia,NULL,Paris,NULL,75508,France,EMEA,Da Cunha,Daniel,Large
10367,23,36.29000092,13,834.6699829,12/1/2005,Resolved,1,1,2005,Vintage Cars,33,S24_1937,Toys4GrownUps.com,6265557265,78934 Hillside Dr.,NULL,Pasadena,CA,90003,USA,NA,Young,Julie,Small
10380,32,70.55999756,4,2257.919922,16/2/05,Shipped,1,2,2005,Vintage Cars,33,S24_1937,Euro Shopping Channel,(91) 555 94 44,"C/ Moralzarzal, 86",NULL,Madrid,NULL,28034,Spain,EMEA,Freyre,Diego,Small
10391,33,100,8,8344.709961,9/3/2005,Shipped,1,3,2005,Vintage Cars,33,S24_1937,"Anna's Decorations, Ltd",02 9936 8555,201 Miller Street,Level 15,North Sydney,NSW,2060,Australia,APAC,O'Hara,Anna,Large
10409,61,29.54000092,1,1801.939941,23/4/05,Shipped,2,4,2005,Vintage Cars,33,S24_1937,Handji Gifts& Co,+65 224 1555,Village Close - 106 Linden Road Sandown,2nd Floor,Singapore,NULL,69045,Singapore,APAC,Victorino,Wendy,Small
10420,45,26.87999916,1,1209.599976,29/5/05,In Process,2,5,2005,Vintage Cars,33,S24_1937,Souveniers And Things Co.,+61 2 9495 8555,"Monitor Money Building, 815 Pacific Hwy",Level 6,Chatswood,NSW,2067,Australia,APAC,Huxley,Adrian,Small
10107,38,83.02999878,7,3155.139893,24/2/03,Shipped,1,2,2003,Motorcycles,76,S24_2000,Land of Toys Inc.,2125557818,897 Long Airport Avenue,NULL,NYC,NY,10022,USA,NA,Yu,Kwai,Medium
10120,34,83.79000092,5,2848.860107,29/4/03,Shipped,2,4,2003,Motorcycles,76,S24_2000,"Australian Collectors, Co.",03 9520 4555,636 St Kilda Road,Level 3,Melbourne,Victoria,3004,Australia,APAC,Ferguson,Peter,Small
10134,43,83.02999878,7,3570.290039,1/7/2003,Shipped,3,7,2003,Motorcycles,76,S24_2000,Lyon Souveniers,+33 1 46 62 7555,27 rue du Colonel Pierre Avia,NULL,Paris,NULL,75508,France,EMEA,Da Cunha,Daniel,Medium
10145,47,83.02999878,11,3902.409912,25/8/03,Shipped,3,8,2003,Motorcycles,76,S24_2000,Toys4GrownUps.com,6265557265,78934 Hillside Dr.,NULL,Pasadena,CA,90003,USA,NA,Young,Julie,Medium
10158,22,67.02999878,1,1474.660034,10/10/2003,Shipped,4,10,2003,Motorcycles,76,S24_2000,Baane Mini Imports,07-98 9555,Erling Skakkes gate 78,NULL,Stavern,NULL,4110,Norway,EMEA,Bergulfsen,Jonas,Small
10168,29,75.41000366,6,2186.889893,28/10/03,Shipped,4,10,2003,Motorcycles,76,S24_2000,Technics Stores Inc.,6505556809,9408 Furth Circle,NULL,Burlingame,CA,94217,USA,NA,Hirano,Juri,Small
10180,28,68.55000305,14,1919.400024,11/11/2003,Shipped,4,11,2003,Motorcycles,76,S24_2000,Daedalus Designs Imports,20.16.1555,"184, chausse de Tournai",NULL,Lille,NULL,59000,France,EMEA,Rance,Martine,Small
10188,40,91.40000153,6,3656,18/11/03,Shipped,4,11,2003,Motorcycles,76,S24_2000,Herkku Gifts,+47 2267 3215,"Drammen 121, PR 744 Sentrum",NULL,Bergen,NULL,N 5804,Norway,EMEA,Oeztan,Veysel,Medium
10201,25,73.87999725,7,1847,1/12/2003,Shipped,4,12,2003,Motorcycles,76,S24_2000,Mini Wheels Co.,6505555787,5557 North Pendale Street,NULL,San Francisco,CA,NULL,USA,NA,Murphy,Julie,Small
10210,30,61.70000076,4,1851,12/1/2004,Shipped,1,1,2004,Motorcycles,76,S24_2000,Osaka Souveniers Co.,+81 06 6342 5555,"Dojima Avanza 4F, 1-6-20 Dojima, Kita-ku",NULL,Osaka,Osaka,530-0003,Japan,Japan,Kentary,Mory,Small
10223,38,69.30999756,6,2633.780029,20/2/04,Shipped,1,2,2004,Motorcycles,76,S24_2000,"Australian Collectors, Co.",03 9520 4555,636 St Kilda Road,Level 3,Melbourne,Victoria,3004,Australia,APAC,Ferguson,Peter,Small
10236,36,87.59999847,3,3153.600098,3/4/2004,Shipped,2,4,2004,Motorcycles,76,S24_2000,Motor Mint Distributors Inc.,2155559857,11328 Douglas Av.,NULL,Philadelphia,PA,71270,USA,NA,Hernandez,Rosa,Medium
10250,32,87.59999847,1,2803.199951,11/5/2004,Shipped,2,5,2004,Motorcycles,76,S24_2000,The Sharp Gifts Warehouse,4085553659,3086 Ingle Ln.,NULL,San Jose,CA,94217,USA,NA,Frick,Sue,Small
10263,37,62.45999908,7,2311.02002,28/6/04,Shipped,2,6,2004,Motorcycles,76,S24_2000,Gift Depot Inc.,2035552570,25593 South Bay Ln.,NULL,Bridgewater,CT,97562,USA,NA,King,Julie,Small
10275,30,79.98000336,6,2399.399902,23/7/04,Shipped,3,7,2004,Motorcycles,76,S24_2000,La Rochelle Gifts,40.67.8555,"67, rue des Cinquante Otages",NULL,Nantes,NULL,44000,France,EMEA,Labrune,Janine,Small
10285,39,70.08000183,11,2733.120117,27/8/04,Shipped,3,8,2004,Motorcycles,76,S24_2000,Marta's Replicas Co.,6175558555,39323 Spinnaker Dr.,NULL,Cambridge,MA,51247,USA,NA,Hernandez,Marta,Small
10297,32,65.51000214,1,2096.320068,16/9/04,Shipped,3,9,2004,Motorcycles,76,S24_2000,"Clover Collections, Co.",+353 1862 1555,25 Maiden Lane,Floor No. 4,Dublin,NULL,2,Ireland,EMEA,Cassidy,Dean,Small
10308,47,63.22000122,4,2971.340088,15/10/04,Shipped,4,10,2004,Motorcycles,76,S24_2000,Mini Classics,9145554562,3758 North Pendale Street,NULL,White Plains,NY,24067,USA,NA,Frick,Steve,Small
10318,26,86.83000183,6,2257.580078,2/11/2004,Shipped,4,11,2004,Motorcycles,76,S24_2000,Diecast Classics Inc.,2155551555,7586 Pompton St.,NULL,Allentown,PA,70267,USA,NA,Yu,Kyung,Small
10329,37,94.43000031,4,3493.909912,15/11/04,Shipped,4,11,2004,Motorcycles,76,S24_2000,Land of Toys Inc.,2125557818,897 Long Airport Avenue,NULL,NYC,NY,10022,USA,NA,Yu,Kwai,Medium
10340,55,79.98000336,8,4398.899902,24/11/04,Shipped,4,11,2004,Motorcycles,76,S24_2000,Enaco Distributors,(93) 203 4555,"Rambla de Catalu a, 23",NULL,Barcelona,NULL,8022,Spain,EMEA,Saavedra,Eduardo,Medium
10363,21,100,8,3595.620117,6/1/2005,Shipped,1,1,2005,Motorcycles,76,S24_2000,Suominen Souveniers,+358 9 8045 555,"Software Engineering Center, SEC Oy",NULL,Espoo,NULL,FIN-02271,Finland,EMEA,Suominen,Kalle,Medium
10375,23,100,9,2443.290039,3/2/2005,Shipped,1,2,2005,Motorcycles,76,S24_2000,La Rochelle Gifts,40.67.8555,"67, rue des Cinquante Otages",NULL,Nantes,NULL,44000,France,EMEA,Labrune,Janine,Small
10389,49,81.40000153,2,3988.600098,3/3/2005,Shipped,1,3,2005,Motorcycles,76,S24_2000,Scandinavian Gift Ideas,0695-34 6555,?kergatan 24,NULL,Boras,NULL,S-844 67,Sweden,EMEA,Larsson,Maria,Medium
10402,59,87.59999847,3,5168.399902,7/4/2005,Shipped,2,4,2005,Motorcycles,76,S24_2000,Auto Canal Petit,(1) 47.55.6555,"25, rue Lauriston",NULL,Paris,NULL,75016,France,EMEA,Perrier,Dominique,Medium
10416,32,87.59999847,1,2803.199951,10/5/2005,Shipped,2,5,2005,Motorcycles,76,S24_2000,L'ordine Souveniers,0522-556555,Strada Provinciale 124,NULL,Reggio Emilia,NULL,42100,Italy,EMEA,Moroni,Maurizio,Small
10105,43,100,9,6341.209961,11/2/2003,Shipped,1,2,2003,Ships,122,S24_2011,Danish Wholesale Imports,31 12 3555,Vinb'ltet 34,NULL,Kobenhavn,NULL,1734,Denmark,EMEA,Petersen,Jytte,Medium
10117,41,100,3,5189.779785,16/4/03,Shipped,2,4,2003,Ships,122,S24_2011,"Dragon Souveniers, Ltd.",+65 221 7555,"Bronz Sok., Bronz Apt. 3/6 Tesvikiye",NULL,Singapore,NULL,79903,Singapore,Japan,Natividad,Eric,Medium
10129,45,100,9,6027.75,12/6/2003,Shipped,2,6,2003,Ships,122,S24_2011,"Stylish Desk Decors, Co.",(171) 555-0297,35 King George,NULL,London,NULL,WX3 6FW,UK,EMEA,Brown,Ann,Medium
10142,33,100,6,3366,8/8/2003,Shipped,3,8,2003,Ships,122,S24_2011,Mini Gifts Distributors Ltd.,4155551450,5677 Strong St.,NULL,San Rafael,CA,97562,USA,NA,Nelson,Valarie,Medium
10153,40,100,5,5456.399902,28/9/03,Shipped,3,9,2003,Ships,122,S24_2011,Euro Shopping Channel,(91) 555 94 44,"C/ Moralzarzal, 86",NULL,Madrid,NULL,28034,Spain,EMEA,Freyre,Diego,Medium
10167,33,100,16,3812.159912,23/10/03,Cancelled,4,10,2003,Ships,122,S24_2011,Scandinavian Gift Ideas,0695-34 6555,?kergatan 24,NULL,Boras,NULL,S-844 67,Sweden,EMEA,Larsson,Maria,Medium
10177,50,100,7,6083,7/11/2003,Shipped,4,11,2003,Ships,122,S24_2011,CAF Imports,+34 913 728 555,"Merchants House, 27-30 Merchant's Quay",NULL,Madrid,NULL,28023,Spain,EMEA,Fernandez,Jesus,Medium
10185,30,100,7,3170.699951,14/11/03,Shipped,4,11,2003,Ships,122,S24_2011,Mini Creations Ltd.,5085559555,4575 Hillside Dr.,NULL,New Bedford,MA,50553,USA,NA,Tam,Wing C,Medium
10197,41,100,13,4534.600098,26/11/03,Shipped,4,11,2003,Ships,122,S24_2011,Enaco Distributors,(93) 203 4555,"Rambla de Catalu a, 23",NULL,Barcelona,NULL,8022,Spain,EMEA,Saavedra,Eduardo,Medium
10208,35,100,7,4301.149902,2/1/2004,Shipped,1,1,2004,Ships,122,S24_2011,"Saveley & Henriot, Co.",78.32.5555,"2, rue du Commerce",NULL,Lyon,NULL,69004,France,EMEA,Saveley,Mary,Medium
10221,49,100,1,6804.629883,18/2/04,Shipped,1,2,2004,Ships,122,S24_2011,Petit Auto,(02) 5554 67,Rue Joseph-Bens 532,NULL,Bruxelles,NULL,B-1180,Belgium,EMEA,Dewey,Catherine,Medium
10232,46,100,4,5652.939941,20/3/04,Shipped,1,3,2004,Ships,122,S24_2011,giftsbymail.co.uk,(198) 555-8888,Garden House Crowther Way,NULL,Cowes,Isle of Wight,PO31 7PJ,UK,EMEA,Bennett,Helen,Medium
10248,48,100,10,6960.47998,7/5/2004,Cancelled,2,5,2004,Ships,122,S24_2011,Land of Toys Inc.,2125557818,897 Long Airport Avenue,NULL,NYC,NY,10022,USA,NA,Yu,Kwai,Medium
10261,36,100,8,4512.600098,17/6/04,Shipped,2,6,2004,Ships,122,S24_2011,Quebec Home Shopping Network,(514) 555-8054,43 rue St. Laurent,NULL,Montreal,Quebec,H1J 1C3,Canada,NA,Fresnisre,Jean,Medium
10273,22,100,11,2784.76001,21/7/04,Shipped,3,7,2004,Ships,122,S24_2011,Petit Auto,(02) 5554 67,Rue Joseph-Bens 532,NULL,Bruxelles,NULL,B-1180,Belgium,EMEA,Dewey,Catherine,Small
10283,42,100,13,5316.359863,20/8/04,Shipped,3,8,2004,Ships,122,S24_2011,"Royal Canadian Collectables, Ltd.",(604) 555-4555,23 Tsawassen Blvd.,NULL,Tsawassen,BC,T2F 8M4,Canada,NA,Lincoln,Elizabeth,Medium
10293,21,100,2,2941.889893,9/9/2004,Shipped,3,9,2004,Ships,122,S24_2011,Amica Models & Co.,011-4988555,Via Monte Bianco 34,NULL,Torino,NULL,10100,Italy,EMEA,Accorti,Paolo,Small
10306,29,100,7,3207.399902,14/10/04,Shipped,4,10,2004,Ships,122,S24_2011,"AV Stores, Co.",(171) 555-1555,Fauntleroy Circus,NULL,Manchester,NULL,EC2 5NT,UK,EMEA,Ashworth,Victoria,Medium
10315,35,100,6,4215.049805,29/10/04,Shipped,4,10,2004,Ships,122,S24_2011,La Rochelle Gifts,40.67.8555,"67, rue des Cinquante Otages",NULL,Nantes,NULL,44000,France,EMEA,Labrune,Janine,Medium
10326,41,100,4,4333.290039,9/11/2004,Shipped,4,11,2004,Ships,122,S24_2011,"Volvo Model Replicas, Co",0921-12 3555,Berguvsv gen  8,NULL,Lule,NULL,S-958 22,Sweden,EMEA,Berglund,Christina,Medium
10337,29,71.97000122,4,2087.129883,21/11/04,Shipped,4,11,2004,Ships,122,S24_2011,Classic Legends Inc.,2125558493,5905 Pompton St.,Suite 750,NYC,NY,10022,USA,NA,Hernandez,Maria,Small
10350,34,50.33000183,7,1711.219971,2/12/2004,Shipped,4,12,2004,Ships,122,S24_2011,Euro Shopping Channel,(91) 555 94 44,"C/ Moralzarzal, 86",NULL,Madrid,NULL,28034,Spain,EMEA,Freyre,Diego,Small
10372,37,100,8,3910.530029,26/1/05,Shipped,1,1,2005,Ships,122,S24_2011,"Tokyo Collectables, Ltd",+81 3 3584 0555,2-2-8 Roppongi,NULL,Minato-ku,Tokyo,106-0032,Japan,Japan,Shimamura,Akiko,Medium
10384,28,80.54000092,3,2255.120117,23/2/05,Shipped,1,2,2005,Ships,122,S24_2011,Corporate Gift Ideas Co.,6505551386,7734 Strong St.,NULL,San Francisco,CA,NULL,USA,NA,Brown,Julie,Small
10396,49,100,6,5720.75,23/3/05,Shipped,1,3,2005,Ships,122,S24_2011,Mini Gifts Distributors Ltd.,4155551450,5677 Strong St.,NULL,San Rafael,CA,97562,USA,NA,Nelson,Valarie,Medium
10414,23,100,10,3335.22998,6/5/2005,On Hold,2,5,2005,Ships,122,S24_2011,Gifts4AllAges.com,6175559555,8616 Spinnaker Dr.,NULL,Boston,MA,51003,USA,NA,Yoshido,Juri,Medium
10101,46,53.75999832,2,2472.959961,9/1/2003,Shipped,1,1,2003,Vintage Cars,44,S24_2022,"Blauer See Auto, Co.",+49 69 66 90 2555,Lyonerstr. 34,NULL,Frankfurt,NULL,60528,Germany,EMEA,Keitel,Roland,Small
10110,39,44.34999847,2,1729.650024,18/3/03,Shipped,1,3,2003,Vintage Cars,44,S24_2022,"AV Stores, Co.",(171) 555-1555,Fauntleroy Circus,NULL,Manchester,NULL,EC2 5NT,UK,EMEA,Ashworth,Victoria,Small
10124,22,45.25,1,995.5,21/5/03,Shipped,2,5,2003,Vintage Cars,44,S24_2022,Signal Gift Stores,7025551838,8489 Strong St.,NULL,Las Vegas,NV,83030,USA,NA,King,Sue,Small
10149,49,49.27999878,6,2414.719971,12/9/2003,Shipped,3,9,2003,Vintage Cars,44,S24_2022,Signal Collectibles Ltd.,4155554312,2793 Furth Circle,NULL,Brisbane,CA,94217,USA,NA,Taylor,Sue,Small
10162,43,36.29000092,4,1560.469971,18/10/03,Shipped,4,10,2003,Vintage Cars,44,S24_2022,Corporate Gift Ideas Co.,6505551386,7734 Strong St.,NULL,San Francisco,CA,NULL,USA,NA,Brown,Julie,Small
10173,27,41.22000122,8,1112.939941,5/11/2003,Shipped,4,11,2003,Vintage Cars,44,S24_2022,Rovelli Gifts,035-640555,Via Ludovico il Moro 22,NULL,Bergamo,NULL,24100,Italy,EMEA,Rovelli,Giovanni,Small
10182,31,36.74000168,5,1138.939941,12/11/2003,Shipped,4,11,2003,Vintage Cars,44,S24_2022,Mini Gifts Distributors Ltd.,4155551450,5677 Strong St.,NULL,San Rafael,CA,97562,USA,NA,Nelson,Valarie,Small
10193,20,50.61999893,9,1012.400024,21/11/03,Shipped,4,11,2003,Vintage Cars,44,S24_2022,"Australian Collectables, Ltd",61-9-3844-6555,7 Allen Street,NULL,Glen Waverly,Victoria,3150,Australia,APAC,Connery,Sean,Small
10205,24,38.08000183,4,913.9199829,3/12/2003,Shipped,4,12,2003,Vintage Cars,44,S24_2022,Euro Shopping Channel,(91) 555 94 44,"C/ Moralzarzal, 86",NULL,Madrid,NULL,28034,Spain,EMEA,Freyre,Diego,Small
10214,49,47.93999863,2,2349.060059,26/1/04,Shipped,1,1,2004,Vintage Cars,44,S24_2022,"Corrida Auto Replicas, Ltd",(91) 555 22 82,"C/ Araquil, 67",NULL,Madrid,NULL,28023,Spain,EMEA,Sommer,Mart n,Small
10227,24,48.38000107,5,1161.119995,2/3/2004,Shipped,1,3,2004,Vintage Cars,44,S24_2022,"Saveley & Henriot, Co.",78.32.5555,"2, rue du Commerce",NULL,Lyon,NULL,69004,France,EMEA,Saveley,Mary,Small
10244,39,45.25,9,1764.75,29/4/04,Shipped,2,4,2004,Vintage Cars,44,S24_2022,Euro Shopping Channel,(91) 555 94 44,"C/ Moralzarzal, 86",NULL,Madrid,NULL,28034,Spain,EMEA,Freyre,Diego,Small
10255,37,45.70000076,2,1690.900024,4/6/2004,Shipped,2,6,2004,Vintage Cars,44,S24_2022,Mini Caravy,88.60.1555,"24, place Kluber",NULL,Strasbourg,NULL,67000,France,EMEA,Citeaux,Frederique,Small
10280,45,47.49000168,11,2137.050049,17/8/04,Shipped,3,8,2004,Vintage Cars,44,S24_2022,Amica Models & Co.,011-4988555,Via Monte Bianco 34,NULL,Torino,NULL,10100,Italy,EMEA,Accorti,Paolo,Small
10289,45,48.38000107,4,2177.100098,3/9/2004,Shipped,3,9,2004,Vintage Cars,44,S24_2022,Herkku Gifts,+47 2267 3215,"Drammen 121, PR 744 Sentrum",NULL,Bergen,NULL,N 5804,Norway,EMEA,Oeztan,Veysel,Small
10304,44,39.41999817,15,1734.47998,11/10/2004,Shipped,4,10,2004,Vintage Cars,44,S24_2022,Auto Assoc. & Cie.,30.59.8555,"67, avenue de l'Europe",NULL,Versailles,NULL,78000,France,EMEA,Tonini,Daniel,Small
10312,23,37.63000107,12,865.4899902,21/10/04,Shipped,4,10,2004,Vintage Cars,44,S24_2022,Mini Gifts Distributors Ltd.,4155551450,5677 Strong St.,NULL,San Rafael,CA,97562,USA,NA,Nelson,Valarie,Small
10322,30,100,4,3500.100098,4/11/2004,Shipped,4,11,2004,Vintage Cars,44,S24_2022,Online Diecast Creations Co.,6035558647,2304 Long Airport Avenue,NULL,Nashua,NH,62005,USA,NA,Young,Valarie,Medium
10332,26,85.51999664,10,2223.52002,17/11/04,Shipped,4,11,2004,Vintage Cars,44,S24_2022,"AV Stores, Co.",(171) 555-1555,Fauntleroy Circus,NULL,Manchester,NULL,EC2 5NT,UK,EMEA,Ashworth,Victoria,Small
10345,43,53.75999832,1,2311.679932,25/11/04,Shipped,4,11,2004,Vintage Cars,44,S24_2022,Atelier graphique,40.32.2555,"54, rue Royale",NULL,Nantes,NULL,44000,France,EMEA,Schmitt,Carine,Small
10356,26,31.86000061,7,828.3599854,9/12/2004,Shipped,4,12,2004,Vintage Cars,44,S24_2022,Lyon Souveniers,+33 1 46 62 7555,27 rue du Colonel Pierre Avia,NULL,Paris,NULL,75508,France,EMEA,Da Cunha,Daniel,Small
10367,28,30.59000015,12,856.5200195,12/1/2005,Resolved,1,1,2005,Vintage Cars,44,S24_2022,Toys4GrownUps.com,6265557265,78934 Hillside Dr.,NULL,Pasadena,CA,90003,USA,NA,Young,Julie,Small
10380,27,68.34999847,5,1845.449951,16/2/05,Shipped,1,2,2005,Vintage Cars,44,S24_2022,Euro Shopping Channel,(91) 555 94 44,"C/ Moralzarzal, 86",NULL,Madrid,NULL,28034,Spain,EMEA,Freyre,Diego,Small
10391,24,100,1,4042.080078,9/3/2005,Shipped,1,3,2005,Vintage Cars,44,S24_2022,"Anna's Decorations, Ltd",02 9936 8555,201 Miller Street,Level 15,North Sydney,NSW,2060,Australia,APAC,O'Hara,Anna,Medium
10421,40,45.70000076,2,1828,29/5/05,In Process,2,5,2005,Vintage Cars,44,S24_2022,Mini Gifts Distributors Ltd.,4155551450,5677 Strong St.,NULL,San Rafael,CA,97562,USA,NA,Nelson,Valarie,Small
10103,36,100,1,3680.280029,29/1/03,Shipped,1,1,2003,Trucks and Buses,127,S24_2300,Baane Mini Imports,07-98 9555,Erling Skakkes gate 78,NULL,Stavern,NULL,4110,Norway,EMEA,Bergulfsen,Jonas,Medium
10114,21,100,5,2925.090088,1/4/2003,Shipped,2,4,2003,Trucks and Buses,127,S24_2300,"La Corne D'abondance, Co.",(1) 42.34.2555,"265, boulevard Charonne",NULL,Paris,NULL,75012,France,EMEA,Bertrand,Marie,Small
10126,27,100,1,3415.77002,28/5/03,Shipped,2,5,2003,Trucks and Buses,127,S24_2300,"Corrida Auto Replicas, Ltd",(91) 555 22 82,"C/ Araquil, 67",NULL,Madrid,NULL,28023,Spain,EMEA,Sommer,Mart n,Medium
10140,47,100,1,5105.140137,24/7/03,Shipped,3,7,2003,Trucks and Buses,127,S24_2300,Technics Stores Inc.,6505556809,9408 Furth Circle,NULL,Burlingame,CA,94217,USA,NA,Hirano,Juri,Medium
10151,42,100,8,5098.799805,21/9/03,Shipped,3,9,2003,Trucks and Buses,127,S24_2300,"Oulu Toy Supplies, Inc.",981-443655,Torikatu 38,NULL,Oulu,NULL,90110,Finland,EMEA,Koskitalo,Pirkko,Medium
10165,32,100,17,4661.759766,22/10/03,Shipped,4,10,2003,Trucks and Buses,127,S24_2300,"Dragon Souveniers, Ltd.",+65 221 7555,"Bronz Sok., Bronz Apt. 3/6 Tesvikiye",NULL,Singapore,NULL,79903,Singapore,Japan,Natividad,Eric,Medium
10175,28,100,6,2969.959961,6/11/2003,Shipped,4,11,2003,Trucks and Buses,127,S24_2300,"Stylish Desk Decors, Co.",(171) 555-0297,35 King George,NULL,London,NULL,WX3 6FW,UK,EMEA,Brown,Ann,Small
10184,24,100,11,3496.320068,14/11/03,Shipped,4,11,2003,Trucks and Buses,127,S24_2300,"Iberia Gift Imports, Corp.",(95) 555 82 82,"C/ Romero, 33",NULL,Sevilla,NULL,41101,Spain,EMEA,Roel,Jose Pedro,Medium
10194,49,100,1,5760.930176,25/11/03,Shipped,4,11,2003,Trucks and Buses,127,S24_2300,"Saveley & Henriot, Co.",78.32.5555,"2, rue du Commerce",NULL,Lyon,NULL,69004,France,EMEA,Saveley,Mary,Medium
10207,46,100,12,6819.040039,9/12/2003,Shipped,4,12,2003,Trucks and Buses,127,S24_2300,Diecast Collectables,6175552555,6251 Ingle Ln.,NULL,Boston,MA,51003,USA,NA,Franco,Valarie,Medium
10217,28,100,1,3148.879883,4/2/2004,Shipped,1,2,2004,Trucks and Buses,127,S24_2300,Handji Gifts& Co,+65 224 1555,Village Close - 106 Linden Road Sandown,2nd Floor,Singapore,NULL,69045,Singapore,APAC,Victorino,Wendy,Medium
10229,48,100,6,5704.319824,11/3/2004,Shipped,1,3,2004,Trucks and Buses,127,S24_2300,Mini Gifts Distributors Ltd.,4155551450,5677 Strong St.,NULL,San Rafael,CA,97562,USA,NA,Nelson,Valarie,Medium
10246,29,100,10,3520.600098,5/5/2004,Shipped,2,5,2004,Trucks and Buses,127,S24_2300,Euro Shopping Channel,(91) 555 94 44,"C/ Moralzarzal, 86",NULL,Madrid,NULL,28034,Spain,EMEA,Freyre,Diego,Medium
10259,47,100,9,5285.620117,15/6/04,Shipped,2,6,2004,Trucks and Buses,127,S24_2300,Handji Gifts& Co,+65 224 1555,Village Close - 106 Linden Road Sandown,2nd Floor,Singapore,NULL,69045,Singapore,APAC,Victorino,Wendy,Medium
10271,43,100,10,5605.049805,20/7/04,Shipped,3,7,2004,Trucks and Buses,127,S24_2300,Mini Gifts Distributors Ltd.,4155551450,5677 Strong St.,NULL,San Rafael,CA,97562,USA,NA,Nelson,Valarie,Medium
10281,25,100,6,2779.5,19/8/04,Shipped,3,8,2004,Trucks and Buses,127,S24_2300,Diecast Classics Inc.,2155551555,7586 Pompton St.,NULL,Allentown,PA,70267,USA,NA,Yu,Kyung,Small
10291,48,100,1,5398.080078,8/9/2004,Shipped,3,9,2004,Trucks and Buses,127,S24_2300,Scandinavian Gift Ideas,0695-34 6555,?kergatan 24,NULL,Boras,NULL,S-844 67,Sweden,EMEA,Larsson,Maria,Medium
10305,24,100,10,3189.600098,13/10/04,Shipped,4,10,2004,Trucks and Buses,127,S24_2300,Marta's Replicas Co.,6175558555,39323 Spinnaker Dr.,NULL,Cambridge,MA,51247,USA,NA,Hernandez,Marta,Medium
10313,42,100,4,5581.799805,22/10/04,Shipped,4,10,2004,Trucks and Buses,127,S24_2300,Canadian Gift Exchange Network,(604) 555-3392,1900 Oak St.,NULL,Vancouver,BC,V3F 2K1,Canada,NA,Tannamuri,Yoshi,Medium
10324,31,100,2,3820.439941,5/11/2004,Shipped,4,11,2004,Trucks and Buses,127,S24_2300,Vitachrome Inc.,2125551500,2678 Kingston Rd.,Suite 101,NYC,NY,10022,USA,NA,Frick,Michael,Medium
10334,42,100,5,5528.040039,19/11/04,On Hold,4,11,2004,Trucks and Buses,127,S24_2300,"Volvo Model Replicas, Co",0921-12 3555,Berguvsv gen  8,NULL,Lule,NULL,S-958 22,Sweden,EMEA,Berglund,Christina,Medium
10348,37,100,1,5981.419922,1/11/2004,Shipped,4,11,2004,Trucks and Buses,127,S24_2300,"Corrida Auto Replicas, Ltd",(91) 555 22 82,"C/ Araquil, 67",NULL,Madrid,NULL,28023,Spain,EMEA,Sommer,Mart n,Medium
10358,41,100,7,5684.649902,10/12/2004,Shipped,4,12,2004,Trucks and Buses,127,S24_2300,Euro Shopping Channel,(91) 555 94 44,"C/ Moralzarzal, 86",NULL,Madrid,NULL,28034,Spain,EMEA,Freyre,Diego,Medium
10371,20,100,5,3449.399902,23/1/05,Shipped,1,1,2005,Trucks and Buses,127,S24_2300,Mini Gifts Distributors Ltd.,4155551450,5677 Strong St.,NULL,San Rafael,CA,97562,USA,NA,Nelson,Valarie,Medium
10382,20,100,3,2654.399902,17/2/05,Shipped,1,2,2005,Trucks and Buses,127,S24_2300,Mini Gifts Distributors Ltd.,4155551450,5677 Strong St.,NULL,San Rafael,CA,97562,USA,NA,Nelson,Valarie,Small
10412,70,100,10,8498,3/5/2005,Shipped,2,5,2005,Trucks and Buses,127,S24_2300,Euro Shopping Channel,(91) 555 94 44,"C/ Moralzarzal, 86",NULL,Madrid,NULL,28034,Spain,EMEA,Freyre,Diego,Large
10425,49,100,9,5510.540039,31/5/05,In Process,2,5,2005,Trucks and Buses,127,S24_2300,La Rochelle Gifts,40.67.8555,"67, rue des Cinquante Otages",NULL,Nantes,NULL,44000,France,EMEA,Labrune,Janine,Medium
10108,35,58.86999893,15,2060.449951,3/3/2003,Shipped,1,3,2003,Motorcycles,69,S24_2360,Cruz & Sons Co.,+63 2 555 3587,15 McCallum Street - NatWest Center #13-03,NULL,Makati City,NULL,1227 MM,Philippines,Japan,Cruz,Arnold,Small
10121,32,76.87999725,2,2460.159912,7/5/2003,Shipped,2,5,2003,Motorcycles,69,S24_2360,Reims Collectables,26.47.1555,59 rue de l'Abbaye,NULL,Reims,NULL,51100,France,EMEA,Henriot,Paul,Small
10135,29,61.63999939,16,1787.560059,2/7/2003,Shipped,3,7,2003,Motorcycles,69,S24_2360,Mini Gifts Distributors Ltd.,4155551450,5677 Strong St.,NULL,San Rafael,CA,97562,USA,NA,Nelson,Valarie,Small
10145,27,60.95000076,3,1645.650024,25/8/03,Shipped,3,8,2003,Motorcycles,69,S24_2360,Toys4GrownUps.com,6265557265,78934 Hillside Dr.,NULL,Pasadena,CA,90003,USA,NA,Young,Julie,Small
10159,27,80.33999634,11,2169.179932,10/10/2003,Shipped,4,10,2003,Motorcycles,69,S24_2360,Corporate Gift Ideas Co.,6505551386,7734 Strong St.,NULL,San Francisco,CA,NULL,USA,NA,Brown,Julie,Small
10169,38,74.11000061,11,2816.179932,4/11/2003,Shipped,4,11,2003,Motorcycles,69,S24_2360,"Anna's Decorations, Ltd",02 9936 8555,201 Miller Street,Level 15,North Sydney,NSW,2060,Australia,APAC,O'Hara,Anna,Small
10180,35,72.02999878,6,2521.050049,11/11/2003,Shipped,4,11,2003,Motorcycles,69,S24_2360,Daedalus Designs Imports,20.16.1555,"184, chausse de Tournai",NULL,Lille,NULL,59000,France,EMEA,Rance,Martine,Small
10190,42,76.19000244,3,3199.97998,19/11/03,Shipped,4,11,2003,Motorcycles,69,S24_2360,Euro Shopping Channel,(91) 555 94 44,"C/ Moralzarzal, 86",NULL,Madrid,NULL,28034,Spain,EMEA,Freyre,Diego,Medium
10211,21,63.72000122,11,1338.119995,15/1/04,Shipped,1,1,2004,Motorcycles,69,S24_2360,Auto Canal Petit,(1) 47.55.6555,"25, rue Lauriston",NULL,Paris,NULL,75016,France,EMEA,Perrier,Dominique,Small
10224,37,80.33999634,4,2972.580078,21/2/04,Shipped,1,2,2004,Motorcycles,69,S24_2360,Daedalus Designs Imports,20.16.1555,"184, chausse de Tournai",NULL,Lille,NULL,59000,France,EMEA,Rance,Martine,Small
10237,26,79.65000153,4,2070.899902,5/4/2004,Shipped,2,4,2004,Motorcycles,69,S24_2360,Vitachrome Inc.,2125551500,2678 Kingston Rd.,Suite 101,NYC,NY,10022,USA,NA,Frick,Michael,Small
10252,47,65.80000305,8,3092.600098,26/5/04,Shipped,2,5,2004,Motorcycles,69,S24_2360,Auto Canal Petit,(1) 47.55.6555,"25, rue Lauriston",NULL,Paris,NULL,75016,France,EMEA,Perrier,Dominique,Medium
10264,37,65.09999847,6,2408.699951,30/6/04,Shipped,2,6,2004,Motorcycles,69,S24_2360,Gifts4AllAges.com,6175559555,8616 Spinnaker Dr.,NULL,Boston,MA,51003,USA,NA,Yoshido,Juri,Small
10276,46,75.48999786,12,3472.540039,2/8/2004,Shipped,3,8,2004,Motorcycles,69,S24_2360,Online Mini Collectables,6175557555,7635 Spinnaker Dr.,NULL,Brickhaven,MA,58339,USA,NA,Barajas,Miguel,Medium
10285,38,59.56000137,3,2263.280029,27/8/04,Shipped,3,8,2004,Motorcycles,69,S24_2360,Marta's Replicas Co.,6175558555,39323 Spinnaker Dr.,NULL,Cambridge,MA,51247,USA,NA,Hernandez,Marta,Small
10299,33,66.48999786,6,2194.169922,30/9/04,Shipped,3,9,2004,Motorcycles,69,S24_2360,"Toys of Finland, Co.",90-224 8555,Keskuskatu 45,NULL,Helsinki,NULL,21240,Finland,EMEA,Karttunen,Matti,Small
10309,24,56.09999847,2,1346.400024,15/10/04,Shipped,4,10,2004,Motorcycles,69,S24_2360,Baane Mini Imports,07-98 9555,Erling Skakkes gate 78,NULL,Stavern,NULL,4110,Norway,EMEA,Bergulfsen,Jonas,Small
10319,31,81.73000336,7,2533.629883,3/11/2004,Shipped,4,11,2004,Motorcycles,69,S24_2360,Microscale Inc.,2125551957,5290 North Pendale Street,Suite 200,NYC,NY,10022,USA,NA,Kuo,Kee,Small
10330,42,81.02999878,1,3403.26001,16/11/04,Shipped,4,11,2004,Motorcycles,69,S24_2360,Cruz & Sons Co.,+63 2 555 3587,15 McCallum Street - NatWest Center #13-03,NULL,Makati City,NULL,1227 MM,Philippines,Japan,Cruz,Arnold,Medium
10341,32,100,6,3307.199951,24/11/04,Shipped,4,11,2004,Motorcycles,69,S24_2360,Salzburg Collectables,6562-9555,Geislweg 14,NULL,Salzburg,NULL,5020,Austria,EMEA,Pipps,Georg,Medium
10355,41,70.65000153,3,2896.649902,7/12/2004,Shipped,4,12,2004,Motorcycles,69,S24_2360,Euro Shopping Channel,(91) 555 94 44,"C/ Moralzarzal, 86",NULL,Madrid,NULL,28034,Spain,EMEA,Freyre,Diego,Small
10363,43,61.22999954,14,2632.889893,6/1/2005,Shipped,1,1,2005,Motorcycles,69,S24_2360,Suominen Souveniers,+358 9 8045 555,"Software Engineering Center, SEC Oy",NULL,Espoo,NULL,FIN-02271,Finland,EMEA,Suominen,Kalle,Small
10375,20,100,14,2046,3/2/2005,Shipped,1,2,2005,Motorcycles,69,S24_2360,La Rochelle Gifts,40.67.8555,"67, rue des Cinquante Otages",NULL,Nantes,NULL,44000,France,EMEA,Labrune,Janine,Small
10390,35,65.12999725,4,2279.550049,4/3/2005,Shipped,1,3,2005,Motorcycles,69,S24_2360,Mini Gifts Distributors Ltd.,4155551450,5677 Strong St.,NULL,San Rafael,CA,97562,USA,NA,Nelson,Valarie,Small
10403,27,79.65000153,4,2150.550049,8/4/2005,Shipped,2,4,2005,Motorcycles,69,S24_2360,"UK Collectables, Ltd.",(171) 555-2282,Berkeley Gardens 12  Brewery,NULL,Liverpool,NULL,WX1 6LT,UK,EMEA,Devon,Elizabeth,Small
10110,43,78.15000153,11,3360.449951,18/3/03,Shipped,1,3,2003,Classic Cars,90,S24_2766,"AV Stores, Co.",(171) 555-1555,Fauntleroy Circus,NULL,Manchester,NULL,EC2 5NT,UK,EMEA,Ashworth,Victoria,Medium
10124,32,72.69999695,10,2326.399902,21/5/03,Shipped,2,5,2003,Classic Cars,90,S24_2766,Signal Gift Stores,7025551838,8489 Strong St.,NULL,Las Vegas,NV,83030,USA,NA,King,Sue,Small
10148,21,73.59999847,4,1545.599976,11/9/2003,Shipped,3,9,2003,Classic Cars,90,S24_2766,"Anna's Decorations, Ltd",02 9936 8555,201 Miller Street,Level 15,North Sydney,NSW,2060,Australia,APAC,O'Hara,Anna,Small
10161,20,100,3,2144.600098,17/10/03,Shipped,4,10,2003,Classic Cars,90,S24_2766,Heintze Collectables,86 21 3555,Smagsloget 45,NULL,Aaarhus,NULL,8200,Denmark,EMEA,Ibsen,Palle,Small
10172,22,74.51000214,1,1639.219971,5/11/2003,Shipped,4,11,2003,Classic Cars,90,S24_2766,Gift Depot Inc.,2035552570,25593 South Bay Ln.,NULL,Bridgewater,CT,97562,USA,NA,King,Julie,Small
10182,36,73.59999847,14,2649.600098,12/11/2003,Shipped,4,11,2003,Classic Cars,90,S24_2766,Mini Gifts Distributors Ltd.,4155551450,5677 Strong St.,NULL,San Rafael,CA,97562,USA,NA,Nelson,Valarie,Small
10192,46,83.59999847,2,3845.600098,20/11/03,Shipped,4,11,2003,Classic Cars,90,S24_2766,Online Diecast Creations Co.,6035558647,2304 Long Airport Avenue,NULL,Nashua,NH,62005,USA,NA,Young,Valarie,Medium
10204,47,96.31999969,8,4527.040039,2/12/2003,Shipped,4,12,2003,Classic Cars,90,S24_2766,Muscle Machine Inc,2125557413,4092 Furth Circle,Suite 400,NYC,NY,10022,USA,NA,Young,Jeff,Medium
10212,45,88.13999939,1,3966.300049,16/1/04,Shipped,1,1,2004,Classic Cars,90,S24_2766,Euro Shopping Channel,(91) 555 94 44,"C/ Moralzarzal, 86",NULL,Madrid,NULL,28034,Spain,EMEA,Freyre,Diego,Medium
10227,47,88.13999939,14,4142.580078,2/3/2004,Shipped,1,3,2004,Classic Cars,90,S24_2766,"Saveley & Henriot, Co.",78.32.5555,"2, rue du Commerce",NULL,Lyon,NULL,69004,France,EMEA,Saveley,Mary,Medium
10241,47,94.5,6,4441.5,13/4/04,Shipped,2,4,2004,Classic Cars,90,S24_2766,Mini Caravy,88.60.1555,"24, place Kluber",NULL,Strasbourg,NULL,67000,France,EMEA,Citeaux,Frederique,Medium
10267,38,87.23999786,3,3315.120117,7/7/2004,Shipped,3,7,2004,Classic Cars,90,S24_2766,Muscle Machine Inc,2125557413,4092 Furth Circle,Suite 400,NYC,NY,10022,USA,NA,Young,Jeff,Medium
10279,49,79.97000122,3,3918.530029,9/8/2004,Shipped,3,8,2004,Classic Cars,90,S24_2766,Euro Shopping Channel,(91) 555 94 44,"C/ Moralzarzal, 86",NULL,Madrid,NULL,28034,Spain,EMEA,Freyre,Diego,Medium
10288,35,80.87000275,9,2830.449951,1/9/2004,Shipped,3,9,2004,Classic Cars,90,S24_2766,Handji Gifts& Co,+65 224 1555,Village Close - 106 Linden Road Sandown,2nd Floor,Singapore,NULL,69045,Singapore,APAC,Victorino,Wendy,Small
10302,49,100,5,5298.859863,6/10/2003,Shipped,4,10,2003,Classic Cars,90,S24_2766,"UK Collectables, Ltd.",(171) 555-2282,Berkeley Gardens 12  Brewery,NULL,Liverpool,NULL,WX1 6LT,UK,EMEA,Devon,Elizabeth,Medium
10311,28,93.59999847,4,2620.800049,16/10/04,Shipped,4,10,2004,Classic Cars,90,S24_2766,Euro Shopping Channel,(91) 555 94 44,"C/ Moralzarzal, 86",NULL,Madrid,NULL,28034,Spain,EMEA,Freyre,Diego,Small
10321,30,72.69999695,1,2181,4/11/2004,Shipped,4,11,2004,Classic Cars,90,S24_2766,FunGiftIdeas.com,5085552555,1785 First Street,NULL,New Bedford,MA,50553,USA,NA,Benitez,Violeta,Small
10332,39,86.72000122,7,3382.080078,17/11/04,Shipped,4,11,2004,Classic Cars,90,S24_2766,"AV Stores, Co.",(171) 555-1555,Fauntleroy Circus,NULL,Manchester,NULL,EC2 5NT,UK,EMEA,Ashworth,Victoria,Medium
10346,25,100,1,2876.75,29/11/04,Shipped,4,11,2004,Classic Cars,90,S24_2766,Signal Gift Stores,7025551838,8489 Strong St.,NULL,Las Vegas,NV,83030,USA,NA,King,Sue,Small
10368,40,100,2,4107.200195,19/1/05,Shipped,1,1,2005,Classic Cars,90,S24_2766,Mini Gifts Distributors Ltd.,4155551450,5677 Strong St.,NULL,San Rafael,CA,97562,USA,NA,Nelson,Valarie,Medium
10380,36,37.5,6,1350,16/2/05,Shipped,1,2,2005,Classic Cars,90,S24_2766,Euro Shopping Channel,(91) 555 94 44,"C/ Moralzarzal, 86",NULL,Madrid,NULL,28034,Spain,EMEA,Freyre,Diego,Small
10407,76,94.5,6,7182,22/4/05,On Hold,2,4,2005,Classic Cars,90,S24_2766,The Sharp Gifts Warehouse,4085553659,3086 Ingle Ln.,NULL,San Jose,CA,94217,USA,NA,Frick,Sue,Large
10420,39,100,9,3933.929932,29/5/05,In Process,2,5,2005,Classic Cars,90,S24_2766,Souveniers And Things Co.,+61 2 9495 8555,"Monitor Money Building, 815 Pacific Hwy",Level 6,Chatswood,NSW,2067,Australia,APAC,Huxley,Adrian,Medium
10104,44,39.59999847,10,1742.400024,31/1/03,Shipped,1,1,2003,Classic Cars,35,S24_2840,Euro Shopping Channel,(91) 555 94 44,"C/ Moralzarzal, 86",NULL,Madrid,NULL,28034,Spain,EMEA,Freyre,Diego,Small
10114,24,30.05999947,1,721.4400024,1/4/2003,Shipped,2,4,2003,Classic Cars,35,S24_2840,"La Corne D'abondance, Co.",(1) 42.34.2555,"265, boulevard Charonne",NULL,Paris,NULL,75012,France,EMEA,Bertrand,Marie,Small
10127,39,38.18999863,12,1489.410034,3/6/2003,Shipped,2,6,2003,Classic Cars,35,S24_2840,Muscle Machine Inc,2125557413,4092 Furth Circle,Suite 400,NYC,NY,10022,USA,NA,Young,Jeff,Small
10141,21,42.43000031,6,891.0300293,1/8/2003,Shipped,3,8,2003,Classic Cars,35,S24_2840,Suominen Souveniers,+358 9 8045 555,"Software Engineering Center, SEC Oy",NULL,Espoo,NULL,FIN-02271,Finland,EMEA,Suominen,Kalle,Small
10151,30,40.31000137,4,1209.300049,21/9/03,Shipped,3,9,2003,Classic Cars,35,S24_2840,"Oulu Toy Supplies, Inc.",981-443655,Torikatu 38,NULL,Oulu,NULL,90110,Finland,EMEA,Koskitalo,Pirkko,Small
10165,27,31.81999969,13,859.1400146,22/10/03,Shipped,4,10,2003,Classic Cars,35,S24_2840,"Dragon Souveniers, Ltd.",+65 221 7555,"Bronz Sok., Bronz Apt. 3/6 Tesvikiye",NULL,Singapore,NULL,79903,Singapore,Japan,Natividad,Eric,Small
10175,37,31.12000084,2,1151.439941,6/11/2003,Shipped,4,11,2003,Classic Cars,35,S24_2840,"Stylish Desk Decors, Co.",(171) 555-0297,35 King George,NULL,London,NULL,WX3 6FW,UK,EMEA,Brown,Ann,Small
10184,42,31.81999969,7,1336.439941,14/11/03,Shipped,4,11,2003,Classic Cars,35,S24_2840,"Iberia Gift Imports, Corp.",(95) 555 82 82,"C/ Romero, 33",NULL,Sevilla,NULL,41101,Spain,EMEA,Roel,Jose Pedro,Small
10195,32,28.29000092,7,905.2800293,25/11/03,Shipped,4,11,2003,Classic Cars,35,S24_2840,Mini Classics,9145554562,3758 North Pendale Street,NULL,White Plains,NY,24067,USA,NA,Frick,Steve,Small
10207,42,29.70000076,8,1247.400024,9/12/2003,Shipped,4,12,2003,Classic Cars,35,S24_2840,Diecast Collectables,6175552555,6251 Ingle Ln.,NULL,Boston,MA,51003,USA,NA,Franco,Valarie,Small
10219,21,40.31000137,3,846.5100098,10/2/2004,Shipped,1,2,2004,Classic Cars,35,S24_2840,Signal Collectibles Ltd.,4155554312,2793 Furth Circle,NULL,Brisbane,CA,94217,USA,NA,Taylor,Sue,Small
10229,33,32.88000107,2,1085.040039,11/3/2004,Shipped,1,3,2004,Classic Cars,35,S24_2840,Mini Gifts Distributors Ltd.,4155551450,5677 Strong St.,NULL,San Rafael,CA,97562,USA,NA,Nelson,Valarie,Small
10246,49,36.06999969,6,1767.430054,5/5/2004,Shipped,2,5,2004,Classic Cars,35,S24_2840,Euro Shopping Channel,(91) 555 94 44,"C/ Moralzarzal, 86",NULL,Madrid,NULL,28034,Spain,EMEA,Freyre,Diego,Small
10259,31,33.24000168,5,1030.439941,15/6/04,Shipped,2,6,2004,Classic Cars,35,S24_2840,Handji Gifts& Co,+65 224 1555,Village Close - 106 Linden Road Sandown,2nd Floor,Singapore,NULL,69045,Singapore,APAC,Victorino,Wendy,Small
10271,38,41.72000122,6,1585.359985,20/7/04,Shipped,3,7,2004,Classic Cars,35,S24_2840,Mini Gifts Distributors Ltd.,4155551450,5677 Strong St.,NULL,San Rafael,CA,97562,USA,NA,Nelson,Valarie,Small
10281,20,40.65999985,2,813.2000122,19/8/04,Shipped,3,8,2004,Classic Cars,35,S24_2840,Diecast Classics Inc.,2155551555,7586 Pompton St.,NULL,Allentown,PA,70267,USA,NA,Yu,Kyung,Small
10292,39,30.05999947,9,1172.339966,8/9/2004,Shipped,3,9,2004,Classic Cars,35,S24_2840,Land of Toys Inc.,2125557818,897 Long Airport Avenue,NULL,NYC,NY,10022,USA,NA,Yu,Kwai,Small
10305,48,31.46999931,6,1510.560059,13/10/04,Shipped,4,10,2004,Classic Cars,35,S24_2840,Marta's Replicas Co.,6175558555,39323 Spinnaker Dr.,NULL,Cambridge,MA,51247,USA,NA,Hernandez,Marta,Small
10314,39,37.13000107,15,1448.069946,22/10/04,Shipped,4,10,2004,Classic Cars,35,S24_2840,Heintze Collectables,86 21 3555,Smagsloget 45,NULL,Aaarhus,NULL,8200,Denmark,EMEA,Ibsen,Palle,Small
10324,30,100,9,3338.100098,5/11/2004,Shipped,4,11,2004,Classic Cars,35,S24_2840,Vitachrome Inc.,2125551500,2678 Kingston Rd.,Suite 101,NYC,NY,10022,USA,NA,Frick,Michael,Medium
10335,33,37.13000107,2,1225.290039,19/11/04,Shipped,4,11,2004,Classic Cars,35,S24_2840,Mini Gifts Distributors Ltd.,4155551450,5677 Strong St.,NULL,San Rafael,CA,97562,USA,NA,Nelson,Valarie,Small
10349,36,37.13000107,3,1336.680054,1/12/2004,Shipped,4,12,2004,Classic Cars,35,S24_2840,Muscle Machine Inc,2125557413,4092 Furth Circle,Suite 400,NYC,NY,10022,USA,NA,Young,Jeff,Small
10358,36,82.94000244,4,2985.840088,10/12/2004,Shipped,4,12,2004,Classic Cars,35,S24_2840,Euro Shopping Channel,(91) 555 94 44,"C/ Moralzarzal, 86",NULL,Madrid,NULL,28034,Spain,EMEA,Freyre,Diego,Small
10371,45,100,8,5545.799805,23/1/05,Shipped,1,1,2005,Classic Cars,35,S24_2840,Mini Gifts Distributors Ltd.,4155551450,5677 Strong St.,NULL,San Rafael,CA,97562,USA,NA,Nelson,Valarie,Medium
10383,40,100,3,6089.600098,22/2/05,Shipped,1,2,2005,Classic Cars,35,S24_2840,Euro Shopping Channel,(91) 555 94 44,"C/ Moralzarzal, 86",NULL,Madrid,NULL,28034,Spain,EMEA,Freyre,Diego,Medium
10394,46,38.90000153,6,1789.400024,15/3/05,Shipped,1,3,2005,Classic Cars,35,S24_2840,Euro Shopping Channel,(91) 555 94 44,"C/ Moralzarzal, 86",NULL,Madrid,NULL,28034,Spain,EMEA,Freyre,Diego,Small
10412,30,36.06999969,6,1082.099976,3/5/2005,Shipped,2,5,2005,Classic Cars,35,S24_2840,Euro Shopping Channel,(91) 555 94 44,"C/ Moralzarzal, 86",NULL,Madrid,NULL,28034,Spain,EMEA,Freyre,Diego,Small
10425,31,33.24000168,5,1030.439941,31/5/05,In Process,2,5,2005,Classic Cars,35,S24_2840,La Rochelle Gifts,40.67.8555,"67, rue des Cinquante Otages",NULL,Nantes,NULL,44000,France,EMEA,Labrune,Janine,Small
10106,49,74.68000031,13,3659.320068,17/2/03,Shipped,1,2,2003,Planes,68,S24_2841,Rovelli Gifts,035-640555,Via Ludovico il Moro 22,NULL,Bergamo,NULL,24100,Italy,EMEA,Rovelli,Giovanni,Medium
10119,41,59.59999847,4,2443.600098,28/4/03,Shipped,2,4,2003,Planes,68,S24_2841,Salzburg Collectables,6562-9555,Geislweg 14,NULL,Salzburg,NULL,5020,Austria,EMEA,Pipps,Georg,Small
10131,35,67.13999939,5,2349.899902,16/6/03,Shipped,2,6,2003,Planes,68,S24_2841,Gift Ideas Corp.,2035554407,2440 Pompton St.,NULL,Glendale,CT,97561,USA,NA,Lewis,Dan,Small
10143,27,60.97000122,8,1646.189941,10/8/2003,Shipped,3,8,2003,Planes,68,S24_2841,Mini Creations Ltd.,5085559555,4575 Hillside Dr.,NULL,New Bedford,MA,50553,USA,NA,Tam,Wing C,Small
10155,23,72.62000275,6,1670.26001,6/10/2003,Shipped,4,10,2003,Planes,68,S24_2841,"Toys of Finland, Co.",90-224 8555,Keskuskatu 45,NULL,Helsinki,NULL,21240,Finland,EMEA,Karttunen,Matti,Small
10167,21,69.87999725,2,1467.47998,23/10/03,Cancelled,4,10,2003,Planes,68,S24_2841,Scandinavian Gift Ideas,0695-34 6555,?kergatan 24,NULL,Boras,NULL,S-844 67,Sweden,EMEA,Larsson,Maria,Small
10178,34,80.83999634,5,2748.560059,8/11/2003,Shipped,4,11,2003,Planes,68,S24_2841,Alpha Cognac,61.77.6555,1 rue Alsace-Lorraine,NULL,Toulouse,NULL,31000,France,EMEA,Roulet,Annette,Small
10186,22,69.19999695,2,1522.400024,14/11/03,Shipped,4,11,2003,Planes,68,S24_2841,"Double Decker Gift Stores, Ltd",(171) 555-7555,120 Hanover Sq.,NULL,London,NULL,WA1 1DP,UK,EMEA,Hardy,Thomas,Small
10198,48,67.81999969,5,3255.360107,27/11/03,Shipped,4,11,2003,Planes,68,S24_2841,Cruz & Sons Co.,+63 2 555 3587,15 McCallum Street - NatWest Center #13-03,NULL,Makati City,NULL,1227 MM,Philippines,Japan,Cruz,Arnold,Medium
10209,43,82.20999908,1,3535.030029,9/1/2004,Shipped,1,1,2004,Planes,68,S24_2841,"Men 'R' US Retailers, Ltd.",2155554369,6047 Douglas Av.,NULL,Los Angeles,CA,NULL,USA,NA,Chandler,Michael,Medium
10222,32,81.52999878,5,2608.959961,19/2/04,Shipped,1,2,2004,Planes,68,S24_2841,Collectable Mini Designs Co.,7605558146,361 Furth Circle,NULL,San Diego,CA,91217,USA,NA,Thompson,Valarie,Small
10249,20,67.81999969,1,1356.400024,8/5/2004,Shipped,2,5,2004,Planes,68,S24_2841,Cambridge Collectables Co.,6175555555,4658 Baden Av.,NULL,Cambridge,MA,51247,USA,NA,Tseng,Kyung,Small
10262,24,67.13999939,10,1611.359985,24/6/04,Cancelled,2,6,2004,Planes,68,S24_2841,Euro Shopping Channel,(91) 555 94 44,"C/ Moralzarzal, 86",NULL,Madrid,NULL,28034,Spain,EMEA,Freyre,Diego,Small
10274,40,65.08000183,2,2603.199951,21/7/04,Shipped,3,7,2004,Planes,68,S24_2841,Collectables For Less Inc.,6175558555,7825 Douglas Av.,NULL,Brickhaven,MA,58339,USA,NA,Nelson,Allen,Small
10284,30,73.98999786,12,2219.699951,21/8/04,Shipped,3,8,2004,Planes,68,S24_2841,"Norway Gifts By Mail, Co.",+47 2212 1555,"Drammensveien 126 A, PB 744 Sentrum",NULL,Oslo,NULL,N 0106,Norway,EMEA,Klaeboe,Jan,Small
10296,21,71.25,8,1496.25,15/9/04,Shipped,3,9,2004,Planes,68,S24_2841,"Bavarian Collectables Imports, Co.",+49 89 61 08 9555,Hansastr. 15,NULL,Munich,NULL,80686,Germany,EMEA,Donnermeyer,Michael,Small
10307,25,75.36000061,2,1884,14/10/04,Shipped,4,10,2004,Planes,68,S24_2841,"Classic Gift Ideas, Inc",2155554695,782 First Street,NULL,Philadelphia,PA,71270,USA,NA,Cervantes,Francisca,Small
10316,34,63.70999908,10,2166.139893,1/11/2004,Shipped,4,11,2004,Planes,68,S24_2841,giftsbymail.co.uk,(198) 555-8888,Garden House Crowther Way,NULL,Cowes,Isle of Wight,PO31 7PJ,UK,EMEA,Bennett,Helen,Small
10328,48,58.91999817,1,2828.159912,12/11/2004,Shipped,4,11,2004,Planes,68,S24_2841,Rovelli Gifts,035-640555,Via Ludovico il Moro 22,NULL,Bergamo,NULL,24100,Italy,EMEA,Rovelli,Giovanni,Small
10339,55,100,12,6214.450195,23/11/04,Shipped,4,11,2004,Planes,68,S24_2841,"Tokyo Collectables, Ltd",+81 3 3584 0555,2-2-8 Roppongi,NULL,Minato-ku,Tokyo,106-0032,Japan,Japan,Shimamura,Akiko,Medium
10351,25,74.68000031,5,1867,3/12/2004,Shipped,4,12,2004,Planes,68,S24_2841,"Stylish Desk Decors, Co.",(171) 555-0297,35 King George,NULL,London,NULL,WX3 6FW,UK,EMEA,Brown,Ann,Small
10373,38,70.44000244,7,2676.719971,31/1/05,Shipped,1,1,2005,Planes,68,S24_2841,"Oulu Toy Supplies, Inc.",981-443655,Torikatu 38,NULL,Oulu,NULL,90110,Finland,EMEA,Koskitalo,Pirkko,Small
10386,39,55.95999908,1,2182.439941,1/3/2005,Resolved,1,3,2005,Planes,68,S24_2841,Euro Shopping Channel,(91) 555 94 44,"C/ Moralzarzal, 86",NULL,Madrid,NULL,28034,Spain,EMEA,Freyre,Diego,Small
10398,28,57.54999924,3,1611.400024,30/3/05,Shipped,1,3,2005,Planes,68,S24_2841,Reims Collectables,26.47.1555,59 rue de l'Abbaye,NULL,Reims,NULL,51100,France,EMEA,Henriot,Paul,Small
10400,24,61.65999985,2,1479.839966,1/4/2005,Shipped,2,4,2005,Planes,68,S24_2841,The Sharp Gifts Warehouse,4085553659,3086 Ingle Ln.,NULL,San Jose,CA,94217,USA,NA,Frick,Sue,Small
10415,21,67.81999969,1,1424.219971,9/5/2005,Disputed,2,5,2005,Planes,68,S24_2841,"Australian Collectables, Ltd",61-9-3844-6555,7 Allen Street,NULL,Glen Waverly,Victoria,3150,Australia,APAC,Connery,Sean,Small
10110,46,100,10,5942.279785,18/3/03,Shipped,1,3,2003,Classic Cars,117,S24_2887,"AV Stores, Co.",(171) 555-1555,Fauntleroy Circus,NULL,Manchester,NULL,EC2 5NT,UK,EMEA,Ashworth,Victoria,Medium
10124,25,93.94999695,9,2348.75,21/5/03,Shipped,2,5,2003,Classic Cars,117,S24_2887,Signal Gift Stores,7025551838,8489 Strong St.,NULL,Las Vegas,NV,83030,USA,NA,King,Sue,Small
10148,34,100,3,4392.120117,11/9/2003,Shipped,3,9,2003,Classic Cars,117,S24_2887,"Anna's Decorations, Ltd",02 9936 8555,201 Miller Street,Level 15,North Sydney,NSW,2060,Australia,APAC,O'Hara,Anna,Medium
10161,25,100,2,2759.75,17/10/03,Shipped,4,10,2003,Classic Cars,117,S24_2887,Heintze Collectables,86 21 3555,Smagsloget 45,NULL,Aaarhus,NULL,8200,Denmark,EMEA,Ibsen,Palle,Small
10173,23,100,16,2728.030029,5/11/2003,Shipped,4,11,2003,Classic Cars,117,S24_2887,Rovelli Gifts,035-640555,Via Ludovico il Moro 22,NULL,Bergamo,NULL,24100,Italy,EMEA,Rovelli,Giovanni,Small
10182,20,100,13,2395.800049,12/11/2003,Shipped,4,11,2003,Classic Cars,117,S24_2887,Mini Gifts Distributors Ltd.,4155551450,5677 Strong St.,NULL,San Rafael,CA,97562,USA,NA,Nelson,Valarie,Small
10192,23,100,1,3052.330078,20/11/03,Shipped,4,11,2003,Classic Cars,117,S24_2887,Online Diecast Creations Co.,6035558647,2304 Long Airport Avenue,NULL,Nashua,NH,62005,USA,NA,Young,Valarie,Medium
10204,42,100,7,4242,2/12/2003,Shipped,4,12,2003,Classic Cars,117,S24_2887,Muscle Machine Inc,2125557413,4092 Furth Circle,Suite 400,NYC,NY,10022,USA,NA,Young,Jeff,Medium
10213,27,100,3,2790.449951,22/1/04,Shipped,1,1,2004,Classic Cars,117,S24_2887,"Double Decker Gift Stores, Ltd",(171) 555-7555,120 Hanover Sq.,NULL,London,NULL,WA1 1DP,UK,EMEA,Hardy,Thomas,Small
10227,33,100,13,4340.490234,2/3/2004,Shipped,1,3,2004,Classic Cars,117,S24_2887,"Saveley & Henriot, Co.",78.32.5555,"2, rue du Commerce",NULL,Lyon,NULL,69004,France,EMEA,Saveley,Mary,Medium
10241,28,98.65000153,5,2762.199951,13/4/04,Shipped,2,4,2004,Classic Cars,117,S24_2887,Mini Caravy,88.60.1555,"24, place Kluber",NULL,Strasbourg,NULL,67000,France,EMEA,Citeaux,Frederique,Small
10267,43,100,2,4645.720215,7/7/2004,Shipped,3,7,2004,Classic Cars,117,S24_2887,Muscle Machine Inc,2125557413,4092 Furth Circle,Suite 400,NYC,NY,10022,USA,NA,Young,Jeff,Medium
10279,48,100,2,5580.959961,9/8/2004,Shipped,3,8,2004,Classic Cars,117,S24_2887,Euro Shopping Channel,(91) 555 94 44,"C/ Moralzarzal, 86",NULL,Madrid,NULL,28034,Spain,EMEA,Freyre,Diego,Medium
10288,48,100,8,6539.040039,1/9/2004,Shipped,3,9,2004,Classic Cars,117,S24_2887,Handji Gifts& Co,+65 224 1555,Village Close - 106 Linden Road Sandown,2nd Floor,Singapore,NULL,69045,Singapore,APAC,Victorino,Wendy,Medium
10302,45,100,4,5548.950195,6/10/2003,Shipped,4,10,2003,Classic Cars,117,S24_2887,"UK Collectables, Ltd.",(171) 555-2282,Berkeley Gardens 12  Brewery,NULL,Liverpool,NULL,WX1 6LT,UK,EMEA,Devon,Elizabeth,Medium
10311,43,100,3,4595.410156,16/10/04,Shipped,4,10,2004,Classic Cars,117,S24_2887,Euro Shopping Channel,(91) 555 94 44,"C/ Moralzarzal, 86",NULL,Madrid,NULL,28034,Spain,EMEA,Freyre,Diego,Medium
10332,44,42.25999832,11,1859.439941,17/11/04,Shipped,4,11,2004,Classic Cars,117,S24_2887,"AV Stores, Co.",(171) 555-1555,Fauntleroy Circus,NULL,Manchester,NULL,EC2 5NT,UK,EMEA,Ashworth,Victoria,Small
10346,24,87.23999786,5,2093.76001,29/11/04,Shipped,4,11,2004,Classic Cars,117,S24_2887,Signal Gift Stores,7025551838,8489 Strong St.,NULL,Las Vegas,NV,83030,USA,NA,King,Sue,Small
10368,31,100,5,4223.129883,19/1/05,Shipped,1,1,2005,Classic Cars,117,S24_2887,Mini Gifts Distributors Ltd.,4155551450,5677 Strong St.,NULL,San Rafael,CA,97562,USA,NA,Nelson,Valarie,Medium
10380,44,36.29000092,7,1596.76001,16/2/05,Shipped,1,2,2005,Classic Cars,117,S24_2887,Euro Shopping Channel,(91) 555 94 44,"C/ Moralzarzal, 86",NULL,Madrid,NULL,28034,Spain,EMEA,Freyre,Diego,Small
10407,59,98.65000153,5,5820.350098,22/4/05,On Hold,2,4,2005,Classic Cars,117,S24_2887,The Sharp Gifts Warehouse,4085553659,3086 Ingle Ln.,NULL,San Jose,CA,94217,USA,NA,Frick,Sue,Medium
10420,55,96.30000305,8,5296.5,29/5/05,In Process,2,5,2005,Classic Cars,117,S24_2887,Souveniers And Things Co.,+61 2 9495 8555,"Monitor Money Building, 815 Pacific Hwy",Level 6,Chatswood,NSW,2067,Australia,APAC,Huxley,Adrian,Medium
10109,29,32.09999847,6,930.9000244,10/3/2003,Shipped,1,3,2003,Classic Cars,37,S24_2972,Motor Mint Distributors Inc.,2155559857,11328 Douglas Av.,NULL,Philadelphia,PA,71270,USA,NA,Hernandez,Rosa,Small
10122,39,30.95999908,4,1207.439941,8/5/2003,Shipped,2,5,2003,Classic Cars,37,S24_2972,Marseille Mini Autos,91.24.4555,"12, rue des Bouchers",NULL,Marseille,NULL,13008,France,EMEA,Lebihan,Laurence,Small
10135,20,35.86999893,1,717.4000244,2/7/2003,Shipped,3,7,2003,Classic Cars,37,S24_2972,Mini Gifts Distributors Ltd.,4155551450,5677 Strong St.,NULL,San Rafael,CA,97562,USA,NA,Nelson,Valarie,Small
10147,25,42.66999817,1,1066.75,5/9/2003,Shipped,3,9,2003,Classic Cars,37,S24_2972,Collectables For Less Inc.,6175558555,7825 Douglas Av.,NULL,Brickhaven,MA,58339,USA,NA,Nelson,Allen,Small
10160,42,37,2,1554,11/10/2003,Shipped,4,10,2003,Classic Cars,37,S24_2972,"Men 'R' US Retailers, Ltd.",2155554369,6047 Douglas Av.,NULL,Los Angeles,CA,NULL,USA,NA,Chandler,Michael,Small
10171,36,35.49000168,4,1277.640015,5/11/2003,Shipped,4,11,2003,Classic Cars,37,S24_2972,Quebec Home Shopping Network,(514) 555-8054,43 rue St. Laurent,NULL,Montreal,Quebec,H1J 1C3,Canada,NA,Fresnisre,Jean,Small
10181,37,42.66999817,8,1578.790039,12/11/2003,Shipped,4,11,2003,Classic Cars,37,S24_2972,Herkku Gifts,+47 2267 3215,"Drammen 121, PR 744 Sentrum",NULL,Bergen,NULL,N 5804,Norway,EMEA,Oeztan,Veysel,Small
10192,30,30.59000015,13,917.7000122,20/11/03,Shipped,4,11,2003,Classic Cars,37,S24_2972,Online Diecast Creations Co.,6035558647,2304 Long Airport Avenue,NULL,Nashua,NH,62005,USA,NA,Young,Valarie,Small
10203,21,37,2,777,2/12/2003,Shipped,4,12,2003,Classic Cars,37,S24_2972,Euro Shopping Channel,(91) 555 94 44,"C/ Moralzarzal, 86",NULL,Madrid,NULL,28034,Spain,EMEA,Freyre,Diego,Small
10212,34,43.41999817,12,1476.280029,16/1/04,Shipped,1,1,2004,Classic Cars,37,S24_2972,Euro Shopping Channel,(91) 555 94 44,"C/ Moralzarzal, 86",NULL,Madrid,NULL,28034,Spain,EMEA,Freyre,Diego,Small
10225,42,36.63000107,3,1538.459961,22/2/04,Shipped,1,2,2004,Classic Cars,37,S24_2972,"Vida Sport, Ltd",0897-034555,Grenzacherweg 237,NULL,Gensve,NULL,1203,Switzerland,EMEA,Holz,Michael,Small
10239,20,44.56000137,2,891.2000122,12/4/2004,Shipped,2,4,2004,Classic Cars,37,S24_2972,"Oulu Toy Supplies, Inc.",981-443655,Torikatu 38,NULL,Oulu,NULL,90110,Finland,EMEA,Koskitalo,Pirkko,Small
10253,40,42.66999817,7,1706.800049,1/6/2004,Cancelled,2,6,2004,Classic Cars,37,S24_2972,"UK Collectables, Ltd.",(171) 555-2282,Berkeley Gardens 12  Brewery,NULL,Liverpool,NULL,WX1 6LT,UK,EMEA,Devon,Elizabeth,Small
10266,34,40.40000153,8,1373.599976,6/7/2004,Shipped,3,7,2004,Classic Cars,37,S24_2972,L'ordine Souveniers,0522-556555,Strada Provinciale 124,NULL,Reggio Emilia,NULL,42100,Italy,EMEA,Moroni,Maurizio,Small
10278,31,38.88999939,8,1205.589966,6/8/2004,Shipped,3,8,2004,Classic Cars,37,S24_2972,Signal Gift Stores,7025551838,8489 Strong St.,NULL,Las Vegas,NV,83030,USA,NA,King,Sue,Small
10287,36,39.65000153,6,1427.400024,30/8/04,Shipped,3,8,2004,Classic Cars,37,S24_2972,"Vida Sport, Ltd",0897-034555,Grenzacherweg 237,NULL,Gensve,NULL,1203,Switzerland,EMEA,Holz,Michael,Small
10301,48,34.36000061,10,1649.280029,5/10/2003,Shipped,4,10,2003,Classic Cars,37,S24_2972,"Norway Gifts By Mail, Co.",+47 2212 1555,"Drammensveien 126 A, PB 744 Sentrum",NULL,Oslo,NULL,N 0106,Norway,EMEA,Klaeboe,Jan,Small
10310,33,41.90999985,4,1383.030029,16/10/04,Shipped,4,10,2004,Classic Cars,37,S24_2972,"Toms Spezialitten, Ltd",0221-5554327,Mehrheimerstr. 369,NULL,Koln,NULL,50739,Germany,EMEA,Pfalzheim,Henriette,Small
10321,37,33.22999954,12,1229.51001,4/11/2004,Shipped,4,11,2004,Classic Cars,37,S24_2972,FunGiftIdeas.com,5085552555,1785 First Street,NULL,New Bedford,MA,50553,USA,NA,Benitez,Violeta,Small
10331,27,42.24000168,13,1140.47998,17/11/04,Shipped,4,11,2004,Classic Cars,37,S24_2972,Motor Mint Distributors Inc.,2155559857,11328 Douglas Av.,NULL,Philadelphia,PA,71270,USA,NA,Hernandez,Rosa,Small
10342,39,40.40000153,9,1575.599976,24/11/04,Shipped,4,11,2004,Classic Cars,37,S24_2972,"Australian Collectors, Co.",03 9520 4555,636 St Kilda Road,Level 3,Melbourne,Victoria,3004,Australia,APAC,Ferguson,Peter,Small
10355,36,38.52000046,4,1386.719971,7/12/2004,Shipped,4,12,2004,Classic Cars,37,S24_2972,Euro Shopping Channel,(91) 555 94 44,"C/ Moralzarzal, 86",NULL,Madrid,NULL,28034,Spain,EMEA,Freyre,Diego,Small
10367,36,100,2,5018.399902,12/1/2005,Resolved,1,1,2005,Classic Cars,37,S24_2972,Toys4GrownUps.com,6265557265,78934 Hillside Dr.,NULL,Pasadena,CA,90003,USA,NA,Young,Julie,Medium
10378,41,100,7,5856.850098,10/2/2005,Shipped,1,2,2005,Classic Cars,37,S24_2972,Euro Shopping Channel,(91) 555 94 44,"C/ Moralzarzal, 86",NULL,Madrid,NULL,28034,Spain,EMEA,Freyre,Diego,Medium
10390,37,100,5,4894.72998,4/3/2005,Shipped,1,3,2005,Classic Cars,37,S24_2972,Mini Gifts Distributors Ltd.,4155551450,5677 Strong St.,NULL,San Rafael,CA,97562,USA,NA,Nelson,Valarie,Medium
10405,47,44.56000137,2,2094.320068,14/4/05,Shipped,2,4,2005,Classic Cars,37,S24_2972,Mini Caravy,88.60.1555,"24, place Kluber",NULL,Strasbourg,NULL,67000,France,EMEA,Citeaux,Frederique,Small
10419,15,42.66999817,7,640.0499878,17/5/05,Shipped,2,5,2005,Classic Cars,37,S24_2972,Salzburg Collectables,6562-9555,Geislweg 14,NULL,Salzburg,NULL,5020,Austria,EMEA,Pipps,Georg,Small
10105,44,72.58000183,4,3193.52002,11/2/2003,Shipped,1,2,2003,Vintage Cars,88,S24_3151,Danish Wholesale Imports,31 12 3555,Vinb'ltet 34,NULL,Kobenhavn,NULL,1734,Denmark,EMEA,Petersen,Jytte,Medium
10119,35,87.62000275,13,3066.699951,28/4/03,Shipped,2,4,2003,Vintage Cars,88,S24_3151,Salzburg Collectables,6562-9555,Geislweg 14,NULL,Salzburg,NULL,5020,Austria,EMEA,Pipps,Georg,Medium
10129,41,94.70999908,4,3883.110107,12/6/2003,Shipped,2,6,2003,Vintage Cars,88,S24_3151,"Stylish Desk Decors, Co.",(171) 555-0297,35 King George,NULL,London,NULL,WX3 6FW,UK,EMEA,Brown,Ann,Medium
10142,49,98.25,1,4814.25,8/8/2003,Shipped,3,8,2003,Vintage Cars,88,S24_3151,Mini Gifts Distributors Ltd.,4155551450,5677 Strong St.,NULL,San Rafael,CA,97562,USA,NA,Nelson,Valarie,Medium
10154,31,91.16999817,2,2826.27002,2/10/2003,Shipped,4,10,2003,Vintage Cars,88,S24_3151,Boards & Toys Co.,3105552373,4097 Douglas Av.,NULL,Glendale,CA,92561,USA,NA,Young,Leslie,Small
10167,20,79.66000366,11,1593.199951,23/10/03,Cancelled,4,10,2003,Vintage Cars,88,S24_3151,Scandinavian Gift Ideas,0695-34 6555,?kergatan 24,NULL,Boras,NULL,S-844 67,Sweden,EMEA,Larsson,Maria,Small
10177,45,72.58000183,2,3266.100098,7/11/2003,Shipped,4,11,2003,Vintage Cars,88,S24_3151,CAF Imports,+34 913 728 555,"Merchants House, 27-30 Merchant's Quay",NULL,Madrid,NULL,28023,Spain,EMEA,Fernandez,Jesus,Medium
10185,33,74.34999847,2,2453.550049,14/11/03,Shipped,4,11,2003,Vintage Cars,88,S24_3151,Mini Creations Ltd.,5085559555,4575 Hillside Dr.,NULL,New Bedford,MA,50553,USA,NA,Tam,Wing C,Small
10197,47,83.19999695,8,3910.399902,26/11/03,Shipped,4,11,2003,Vintage Cars,88,S24_3151,Enaco Distributors,(93) 203 4555,"Rambla de Catalu a, 23",NULL,Barcelona,NULL,8022,Spain,EMEA,Saavedra,Eduardo,Medium
10208,20,89.40000153,2,1788,2/1/2004,Shipped,1,1,2004,Vintage Cars,88,S24_3151,"Saveley & Henriot, Co.",78.32.5555,"2, rue du Commerce",NULL,Lyon,NULL,69004,France,EMEA,Saveley,Mary,Small
10222,47,70.80999756,14,3328.070068,19/2/04,Shipped,1,2,2004,Vintage Cars,88,S24_3151,Collectable Mini Designs Co.,7605558146,361 Furth Circle,NULL,San Diego,CA,91217,USA,NA,Thompson,Valarie,Medium
10233,40,94.70999908,2,3788.399902,29/3/04,Shipped,1,3,2004,Vintage Cars,88,S24_3151,Tekni Collectables Inc.,2015559350,7476 Moss Rd.,NULL,Newark,NJ,94019,USA,NA,Brown,William,Medium
10248,30,100,5,3053.699951,7/5/2004,Cancelled,2,5,2004,Vintage Cars,88,S24_3151,Land of Toys Inc.,2125557818,897 Long Airport Avenue,NULL,NYC,NY,10022,USA,NA,Yu,Kwai,Medium
10261,22,91.16999817,3,2005.73999,17/6/04,Shipped,2,6,2004,Vintage Cars,88,S24_3151,Quebec Home Shopping Network,(514) 555-8054,43 rue St. Laurent,NULL,Montreal,Quebec,H1J 1C3,Canada,NA,Fresnisre,Jean,Small
10273,27,100,6,2796.120117,21/7/04,Shipped,3,7,2004,Vintage Cars,88,S24_3151,Petit Auto,(02) 5554 67,Rue Joseph-Bens 532,NULL,Bruxelles,NULL,B-1180,Belgium,EMEA,Dewey,Catherine,Small
10283,34,92.94000244,8,3159.959961,20/8/04,Shipped,3,8,2004,Vintage Cars,88,S24_3151,"Royal Canadian Collectables, Ltd.",(604) 555-4555,23 Tsawassen Blvd.,NULL,Tsawassen,BC,T2F 8M4,Canada,NA,Lincoln,Elizabeth,Medium
10295,46,84.97000122,3,3908.620117,10/9/2004,Shipped,3,9,2004,Vintage Cars,88,S24_3151,Gifts4AllAges.com,6175559555,8616 Spinnaker Dr.,NULL,Boston,MA,51003,USA,NA,Yoshido,Juri,Medium
10306,31,84.08000183,2,2606.47998,14/10/04,Shipped,4,10,2004,Vintage Cars,88,S24_3151,"AV Stores, Co.",(171) 555-1555,Fauntleroy Circus,NULL,Manchester,NULL,EC2 5NT,UK,EMEA,Ashworth,Victoria,Small
10315,24,86.73999786,1,2081.76001,29/10/04,Shipped,4,10,2004,Vintage Cars,88,S24_3151,La Rochelle Gifts,40.67.8555,"67, rue des Cinquante Otages",NULL,Nantes,NULL,44000,France,EMEA,Labrune,Janine,Small
10326,41,85.84999847,3,3519.850098,9/11/2004,Shipped,4,11,2004,Vintage Cars,88,S24_3151,"Volvo Model Replicas, Co",0921-12 3555,Berguvsv gen  8,NULL,Lule,NULL,S-958 22,Sweden,EMEA,Berglund,Christina,Medium
10339,55,100,13,10758,23/11/04,Shipped,4,11,2004,Vintage Cars,88,S24_3151,"Tokyo Collectables, Ltd",+81 3 3584 0555,2-2-8 Roppongi,NULL,Minato-ku,Tokyo,106-0032,Japan,Japan,Shimamura,Akiko,Large
10350,30,100,9,3021,2/12/2004,Shipped,4,12,2004,Vintage Cars,88,S24_3151,Euro Shopping Channel,(91) 555 94 44,"C/ Moralzarzal, 86",NULL,Madrid,NULL,28034,Spain,EMEA,Freyre,Diego,Medium
10373,33,57.31999969,12,1891.560059,31/1/05,Shipped,1,1,2005,Vintage Cars,88,S24_3151,"Oulu Toy Supplies, Inc.",981-443655,Torikatu 38,NULL,Oulu,NULL,90110,Finland,EMEA,Koskitalo,Pirkko,Small
10384,43,97.87000275,2,4208.410156,23/2/05,Shipped,1,2,2005,Vintage Cars,88,S24_3151,Corporate Gift Ideas Co.,6505551386,7734 Strong St.,NULL,San Francisco,CA,NULL,USA,NA,Brown,Julie,Medium
10396,27,83.19999695,7,2246.399902,23/3/05,Shipped,1,3,2005,Vintage Cars,88,S24_3151,Mini Gifts Distributors Ltd.,4155551450,5677 Strong St.,NULL,San Rafael,CA,97562,USA,NA,Nelson,Valarie,Small
10414,60,100,5,6107.399902,6/5/2005,On Hold,2,5,2005,Vintage Cars,88,S24_3151,Gifts4AllAges.com,6175559555,8616 Spinnaker Dr.,NULL,Boston,MA,51003,USA,NA,Yoshido,Juri,Medium
10110,27,73.62000275,12,1987.73999,18/3/03,Shipped,1,3,2003,Classic Cars,85,S24_3191,"AV Stores, Co.",(171) 555-1555,Fauntleroy Circus,NULL,Manchester,NULL,EC2 5NT,UK,EMEA,Ashworth,Victoria,Small
10124,49,83.04000092,11,4068.959961,21/5/03,Shipped,2,5,2003,Classic Cars,85,S24_3191,Signal Gift Stores,7025551838,8489 Strong St.,NULL,Las Vegas,NV,83030,USA,NA,King,Sue,Medium
10148,31,73.62000275,5,2282.219971,11/9/2003,Shipped,3,9,2003,Classic Cars,85,S24_3191,"Anna's Decorations, Ltd",02 9936 8555,201 Miller Street,Level 15,North Sydney,NSW,2060,Australia,APAC,O'Hara,Anna,Small
10161,20,77.05000305,4,1541,17/10/03,Shipped,4,10,2003,Classic Cars,85,S24_3191,Heintze Collectables,86 21 3555,Smagsloget 45,NULL,Aaarhus,NULL,8200,Denmark,EMEA,Ibsen,Palle,Small
10172,24,81.33000183,2,1951.920044,5/11/2003,Shipped,4,11,2003,Classic Cars,85,S24_3191,Gift Depot Inc.,2035552570,25593 South Bay Ln.,NULL,Bridgewater,CT,97562,USA,NA,King,Julie,Small
10182,33,94.16999817,15,3107.610107,12/11/2003,Shipped,4,11,2003,Classic Cars,85,S24_3191,Mini Gifts Distributors Ltd.,4155551450,5677 Strong St.,NULL,San Rafael,CA,97562,USA,NA,Nelson,Valarie,Medium
10192,32,72.76999664,3,2328.639893,20/11/03,Shipped,4,11,2003,Classic Cars,85,S24_3191,Online Diecast Creations Co.,6035558647,2304 Long Airport Avenue,NULL,Nashua,NH,62005,USA,NA,Young,Valarie,Small
10204,40,79.62000275,9,3184.800049,2/12/2003,Shipped,4,12,2003,Classic Cars,85,S24_3191,Muscle Machine Inc,2125557413,4092 Furth Circle,Suite 400,NYC,NY,10022,USA,NA,Young,Jeff,Medium
10212,27,79.62000275,2,2149.73999,16/1/04,Shipped,1,1,2004,Classic Cars,85,S24_3191,Euro Shopping Channel,(91) 555 94 44,"C/ Moralzarzal, 86",NULL,Madrid,NULL,28034,Spain,EMEA,Freyre,Diego,Small
10227,40,79.62000275,15,3184.800049,2/3/2004,Shipped,1,3,2004,Classic Cars,85,S24_3191,"Saveley & Henriot, Co.",78.32.5555,"2, rue du Commerce",NULL,Lyon,NULL,69004,France,EMEA,Saveley,Mary,Medium
10241,26,81.33000183,7,2114.580078,13/4/04,Shipped,2,4,2004,Classic Cars,85,S24_3191,Mini Caravy,88.60.1555,"24, place Kluber",NULL,Strasbourg,NULL,67000,France,EMEA,Citeaux,Frederique,Small
10267,44,96.73999786,4,4256.560059,7/7/2004,Shipped,3,7,2004,Classic Cars,85,S24_3191,Muscle Machine Inc,2125557413,4092 Furth Circle,Suite 400,NYC,NY,10022,USA,NA,Young,Jeff,Medium
10279,33,71.05999756,4,2344.97998,9/8/2004,Shipped,3,8,2004,Classic Cars,85,S24_3191,Euro Shopping Channel,(91) 555 94 44,"C/ Moralzarzal, 86",NULL,Madrid,NULL,28034,Spain,EMEA,Freyre,Diego,Small
10288,34,68.48999786,10,2328.659912,1/9/2004,Shipped,3,9,2004,Classic Cars,85,S24_3191,Handji Gifts& Co,+65 224 1555,Village Close - 106 Linden Road Sandown,2nd Floor,Singapore,NULL,69045,Singapore,APAC,Victorino,Wendy,Small
10302,48,74.48000336,6,3575.040039,6/10/2003,Shipped,4,10,2003,Classic Cars,85,S24_3191,"UK Collectables, Ltd.",(171) 555-2282,Berkeley Gardens 12  Brewery,NULL,Liverpool,NULL,WX1 6LT,UK,EMEA,Devon,Elizabeth,Medium
10311,25,83.04000092,5,2076,16/10/04,Shipped,4,10,2004,Classic Cars,85,S24_3191,Euro Shopping Channel,(91) 555 94 44,"C/ Moralzarzal, 86",NULL,Madrid,NULL,28034,Spain,EMEA,Freyre,Diego,Small
10321,39,84.75,2,3305.25,4/11/2004,Shipped,4,11,2004,Classic Cars,85,S24_3191,FunGiftIdeas.com,5085552555,1785 First Street,NULL,New Bedford,MA,50553,USA,NA,Benitez,Violeta,Medium
10332,45,34.18999863,12,1538.550049,17/11/04,Shipped,4,11,2004,Classic Cars,85,S24_3191,"AV Stores, Co.",(171) 555-1555,Fauntleroy Circus,NULL,Manchester,NULL,EC2 5NT,UK,EMEA,Ashworth,Victoria,Small
10346,24,100,2,3325.919922,29/11/04,Shipped,4,11,2004,Classic Cars,85,S24_3191,Signal Gift Stores,7025551838,8489 Strong St.,NULL,Las Vegas,NV,83030,USA,NA,King,Sue,Medium
10368,46,79.62000275,1,3662.52002,19/1/05,Shipped,1,1,2005,Classic Cars,85,S24_3191,Mini Gifts Distributors Ltd.,4155551450,5677 Strong St.,NULL,San Rafael,CA,97562,USA,NA,Nelson,Valarie,Medium
10380,44,79.05999756,9,3478.639893,16/2/05,Shipped,1,2,2005,Classic Cars,85,S24_3191,Euro Shopping Channel,(91) 555 94 44,"C/ Moralzarzal, 86",NULL,Madrid,NULL,28034,Spain,EMEA,Freyre,Diego,Medium
10407,13,81.33000183,7,1057.290039,22/4/05,On Hold,2,4,2005,Classic Cars,85,S24_3191,The Sharp Gifts Warehouse,4085553659,3086 Ingle Ln.,NULL,San Jose,CA,94217,USA,NA,Frick,Sue,Small
10420,35,96.73999786,10,3385.899902,29/5/05,In Process,2,5,2005,Classic Cars,85,S24_3191,Souveniers And Things Co.,+61 2 9495 8555,"Monitor Money Building, 815 Pacific Hwy",Level 6,Chatswood,NSW,2067,Australia,APAC,Huxley,Adrian,Medium
10108,30,63.06999969,5,1892.099976,3/3/2003,Shipped,1,3,2003,Classic Cars,61,S24_3371,Cruz & Sons Co.,+63 2 555 3587,15 McCallum Street - NatWest Center #13-03,NULL,Makati City,NULL,1227 MM,Philippines,Japan,Cruz,Arnold,Small
10122,34,50.20999908,9,1707.140015,8/5/2003,Shipped,2,5,2003,Classic Cars,61,S24_3371,Marseille Mini Autos,91.24.4555,"12, rue des Bouchers",NULL,Marseille,NULL,13008,France,EMEA,Lebihan,Laurence,Small
10135,27,66.12999725,6,1785.51001,2/7/2003,Shipped,3,7,2003,Classic Cars,61,S24_3371,Mini Gifts Distributors Ltd.,4155551450,5677 Strong St.,NULL,San Rafael,CA,97562,USA,NA,Nelson,Valarie,Small
10147,30,68.58000183,6,2057.399902,5/9/2003,Shipped,3,9,2003,Classic Cars,61,S24_3371,Collectables For Less Inc.,6175558555,7825 Douglas Av.,NULL,Brickhaven,MA,58339,USA,NA,Nelson,Allen,Small
10159,50,69.80000305,1,3490,10/10/2003,Shipped,4,10,2003,Classic Cars,61,S24_3371,Corporate Gift Ideas Co.,6505551386,7734 Strong St.,NULL,San Francisco,CA,NULL,USA,NA,Brown,Julie,Medium
10169,34,50.20999908,1,1707.140015,4/11/2003,Shipped,4,11,2003,Classic Cars,61,S24_3371,"Anna's Decorations, Ltd",02 9936 8555,201 Miller Street,Level 15,North Sydney,NSW,2060,Australia,APAC,O'Hara,Anna,Small
10181,23,65.51999664,13,1506.959961,12/11/2003,Shipped,4,11,2003,Classic Cars,61,S24_3371,Herkku Gifts,+47 2267 3215,"Drammen 121, PR 744 Sentrum",NULL,Bergen,NULL,N 5804,Norway,EMEA,Oeztan,Veysel,Small
10191,48,60.00999832,2,2880.47998,20/11/03,Shipped,4,11,2003,Classic Cars,61,S24_3371,"Toms Spezialitten, Ltd",0221-5554327,Mehrheimerstr. 369,NULL,Koln,NULL,50739,Germany,EMEA,Pfalzheim,Henriette,Small
10203,34,64.90000153,7,2206.600098,2/12/2003,Shipped,4,12,2003,Classic Cars,61,S24_3371,Euro Shopping Channel,(91) 555 94 44,"C/ Moralzarzal, 86",NULL,Madrid,NULL,28034,Spain,EMEA,Freyre,Diego,Small
10211,48,48.97999954,1,2351.040039,15/1/04,Shipped,1,1,2004,Classic Cars,61,S24_3371,Auto Canal Petit,(1) 47.55.6555,"25, rue Lauriston",NULL,Paris,NULL,75016,France,EMEA,Perrier,Dominique,Small
10225,24,50.20999908,8,1205.040039,22/2/04,Shipped,1,2,2004,Classic Cars,61,S24_3371,"Vida Sport, Ltd",0897-034555,Grenzacherweg 237,NULL,Gensve,NULL,1203,Switzerland,EMEA,Holz,Michael,Small
10238,47,62.45000076,2,2935.149902,9/4/2004,Shipped,2,4,2004,Classic Cars,61,S24_3371,Danish Wholesale Imports,31 12 3555,Vinb'ltet 34,NULL,Kobenhavn,NULL,1734,Denmark,EMEA,Petersen,Jytte,Small
10253,24,52.65999985,12,1263.839966,1/6/2004,Cancelled,2,6,2004,Classic Cars,61,S24_3371,"UK Collectables, Ltd.",(171) 555-2282,Berkeley Gardens 12  Brewery,NULL,Liverpool,NULL,WX1 6LT,UK,EMEA,Devon,Elizabeth,Small
10266,47,62.45000076,13,2935.149902,6/7/2004,Shipped,3,7,2004,Classic Cars,61,S24_3371,L'ordine Souveniers,0522-556555,Strada Provinciale 124,NULL,Reggio Emilia,NULL,42100,Italy,EMEA,Moroni,Maurizio,Small
10276,20,61.22999954,2,1224.599976,2/8/2004,Shipped,3,8,2004,Classic Cars,61,S24_3371,Online Mini Collectables,6175557555,7635 Spinnaker Dr.,NULL,Brickhaven,MA,58339,USA,NA,Barajas,Miguel,Small
10287,20,67.97000122,11,1359.400024,30/8/04,Shipped,3,8,2004,Classic Cars,61,S24_3371,"Vida Sport, Ltd",0897-034555,Grenzacherweg 237,NULL,Gensve,NULL,1203,Switzerland,EMEA,Holz,Michael,Small
10300,31,58.77999878,4,1822.180054,4/10/2003,Shipped,4,10,2003,Classic Cars,61,S24_3371,"Blauer See Auto, Co.",+49 69 66 90 2555,Lyonerstr. 34,NULL,Frankfurt,NULL,60528,Germany,EMEA,Keitel,Roland,Small
10310,38,56.93999863,9,2163.719971,16/10/04,Shipped,4,10,2004,Classic Cars,61,S24_3371,"Toms Spezialitten, Ltd",0221-5554327,Mehrheimerstr. 369,NULL,Koln,NULL,50739,Germany,EMEA,Pfalzheim,Henriette,Small
10320,26,61.22999954,2,1591.97998,3/11/2004,Shipped,4,11,2004,Classic Cars,61,S24_3371,"Volvo Model Replicas, Co",0921-12 3555,Berguvsv gen  8,NULL,Lule,NULL,S-958 22,Sweden,EMEA,Berglund,Christina,Small
10331,25,100,9,3078.5,17/11/04,Shipped,4,11,2004,Classic Cars,61,S24_3371,Motor Mint Distributors Inc.,2155559857,11328 Douglas Av.,NULL,Philadelphia,PA,71270,USA,NA,Hernandez,Rosa,Medium
10342,48,62.45000076,10,2997.600098,24/11/04,Shipped,4,11,2004,Classic Cars,61,S24_3371,"Australian Collectors, Co.",03 9520 4555,636 St Kilda Road,Level 3,Melbourne,Victoria,3004,Australia,APAC,Ferguson,Peter,Small
10355,44,62.45000076,6,2747.800049,7/12/2004,Shipped,4,12,2004,Classic Cars,61,S24_3371,Euro Shopping Channel,(91) 555 94 44,"C/ Moralzarzal, 86",NULL,Madrid,NULL,28034,Spain,EMEA,Freyre,Diego,Small
10363,21,100,15,2447.76001,6/1/2005,Shipped,1,1,2005,Classic Cars,61,S24_3371,Suominen Souveniers,+358 9 8045 555,"Software Engineering Center, SEC Oy",NULL,Espoo,NULL,FIN-02271,Finland,EMEA,Suominen,Kalle,Small
10378,46,41.54000092,6,1910.839966,10/2/2005,Shipped,1,2,2005,Classic Cars,61,S24_3371,Euro Shopping Channel,(91) 555 94 44,"C/ Moralzarzal, 86",NULL,Madrid,NULL,28034,Spain,EMEA,Freyre,Diego,Small
10390,46,52.84000015,6,2430.639893,4/3/2005,Shipped,1,3,2005,Classic Cars,61,S24_3371,Mini Gifts Distributors Ltd.,4155551450,5677 Strong St.,NULL,San Rafael,CA,97562,USA,NA,Nelson,Valarie,Small
10419,55,52.65999985,12,2896.300049,17/5/05,Shipped,2,5,2005,Classic Cars,61,S24_3371,Salzburg Collectables,6562-9555,Geislweg 14,NULL,Salzburg,NULL,5020,Austria,EMEA,Pipps,Georg,Small
10106,31,52.59999847,14,1630.599976,17/2/03,Shipped,1,2,2003,Vintage Cars,65,S24_3420,Rovelli Gifts,035-640555,Via Ludovico il Moro 22,NULL,Bergamo,NULL,24100,Italy,EMEA,Rovelli,Giovanni,Small
10119,20,72.98000336,5,1459.599976,28/4/03,Shipped,2,4,2003,Vintage Cars,65,S24_3420,Salzburg Collectables,6562-9555,Geislweg 14,NULL,Salzburg,NULL,5020,Austria,EMEA,Pipps,Georg,Small
10131,29,59.18000031,6,1716.219971,16/6/03,Shipped,2,6,2003,Vintage Cars,65,S24_3420,Gift Ideas Corp.,2035554407,2440 Pompton St.,NULL,Glendale,CT,97561,USA,NA,Lewis,Dan,Small
10143,33,77.58999634,9,2560.469971,10/8/2003,Shipped,3,8,2003,Vintage Cars,65,S24_3420,Mini Creations Ltd.,5085559555,4575 Hillside Dr.,NULL,New Bedford,MA,50553,USA,NA,Tam,Wing C,Small
10155,34,55.88999939,7,1900.26001,6/10/2003,Shipped,4,10,2003,Vintage Cars,65,S24_3420,"Toys of Finland, Co.",90-224 8555,Keskuskatu 45,NULL,Helsinki,NULL,21240,Finland,EMEA,Karttunen,Matti,Small
10167,32,63.11999893,3,2019.839966,23/10/03,Cancelled,4,10,2003,Vintage Cars,65,S24_3420,Scandinavian Gift Ideas,0695-34 6555,?kergatan 24,NULL,Boras,NULL,S-844 67,Sweden,EMEA,Larsson,Maria,Small
10178,27,73.63999939,6,1988.280029,8/11/2003,Shipped,4,11,2003,Vintage Cars,65,S24_3420,Alpha Cognac,61.77.6555,1 rue Alsace-Lorraine,NULL,Toulouse,NULL,31000,France,EMEA,Roulet,Annette,Small
10186,21,69.04000092,3,1449.839966,14/11/03,Shipped,4,11,2003,Vintage Cars,65,S24_3420,"Double Decker Gift Stores, Ltd",(171) 555-7555,120 Hanover Sq.,NULL,London,NULL,WA1 1DP,UK,EMEA,Hardy,Thomas,Small
10198,27,71.66999817,6,1935.089966,27/11/03,Shipped,4,11,2003,Vintage Cars,65,S24_3420,Cruz & Sons Co.,+63 2 555 3587,15 McCallum Street - NatWest Center #13-03,NULL,Makati City,NULL,1227 MM,Philippines,Japan,Cruz,Arnold,Small
10209,36,77.58999634,2,2793.23999,9/1/2004,Shipped,1,1,2004,Vintage Cars,65,S24_3420,"Men 'R' US Retailers, Ltd.",2155554369,6047 Douglas Av.,NULL,Los Angeles,CA,NULL,USA,NA,Chandler,Michael,Small
10222,43,70.34999847,6,3025.050049,19/2/04,Shipped,1,2,2004,Vintage Cars,65,S24_3420,Collectable Mini Designs Co.,7605558146,361 Furth Circle,NULL,San Diego,CA,91217,USA,NA,Thompson,Valarie,Medium
10249,25,69.69999695,2,1742.5,8/5/2004,Shipped,2,5,2004,Vintage Cars,65,S24_3420,Cambridge Collectables Co.,6175555555,4658 Baden Av.,NULL,Cambridge,MA,51247,USA,NA,Tseng,Kyung,Small
10262,46,70.34999847,11,3236.100098,24/6/04,Cancelled,2,6,2004,Vintage Cars,65,S24_3420,Euro Shopping Channel,(91) 555 94 44,"C/ Moralzarzal, 86",NULL,Madrid,NULL,28034,Spain,EMEA,Freyre,Diego,Medium
10274,24,72.33000183,3,1735.920044,21/7/04,Shipped,3,7,2004,Vintage Cars,65,S24_3420,Collectables For Less Inc.,6175558555,7825 Douglas Av.,NULL,Brickhaven,MA,58339,USA,NA,Nelson,Allen,Small
10284,39,71.66999817,13,2795.129883,21/8/04,Shipped,3,8,2004,Vintage Cars,65,S24_3420,"Norway Gifts By Mail, Co.",+47 2212 1555,"Drammensveien 126 A, PB 744 Sentrum",NULL,Oslo,NULL,N 0106,Norway,EMEA,Klaeboe,Jan,Small
10296,31,53.91999817,9,1671.52002,15/9/04,Shipped,3,9,2004,Vintage Cars,65,S24_3420,"Bavarian Collectables Imports, Co.",+49 89 61 08 9555,Hansastr. 15,NULL,Munich,NULL,80686,Germany,EMEA,Donnermeyer,Michael,Small
10307,22,71.66999817,3,1576.73999,14/10/04,Shipped,4,10,2004,Vintage Cars,65,S24_3420,"Classic Gift Ideas, Inc",2155554695,782 First Street,NULL,Philadelphia,PA,71270,USA,NA,Cervantes,Francisca,Small
10316,47,76.93000031,11,3615.709961,1/11/2004,Shipped,4,11,2004,Vintage Cars,65,S24_3420,giftsbymail.co.uk,(198) 555-8888,Garden House Crowther Way,NULL,Cowes,Isle of Wight,PO31 7PJ,UK,EMEA,Bennett,Helen,Medium
10328,20,72.98000336,2,1459.599976,12/11/2004,Shipped,4,11,2004,Vintage Cars,65,S24_3420,Rovelli Gifts,035-640555,Via Ludovico il Moro 22,NULL,Bergamo,NULL,24100,Italy,EMEA,Rovelli,Giovanni,Small
10339,29,99.69000244,14,2891.01001,23/11/04,Shipped,4,11,2004,Vintage Cars,65,S24_3420,"Tokyo Collectables, Ltd",+81 3 3584 0555,2-2-8 Roppongi,NULL,Minato-ku,Tokyo,106-0032,Japan,Japan,Shimamura,Akiko,Small
10351,38,68.37999725,4,2598.439941,3/12/2004,Shipped,4,12,2004,Vintage Cars,65,S24_3420,"Stylish Desk Decors, Co.",(171) 555-0297,35 King George,NULL,London,NULL,WX3 6FW,UK,EMEA,Brown,Ann,Small
10361,34,100,6,3871.919922,17/12/04,Shipped,4,12,2004,Vintage Cars,65,S24_3420,Souveniers And Things Co.,+61 2 9495 8555,"Monitor Money Building, 815 Pacific Hwy",Level 6,Chatswood,NSW,2067,Australia,APAC,Huxley,Adrian,Medium
10373,46,66,11,3036,31/1/05,Shipped,1,1,2005,Vintage Cars,65,S24_3420,"Oulu Toy Supplies, Inc.",981-443655,Torikatu 38,NULL,Oulu,NULL,90110,Finland,EMEA,Koskitalo,Pirkko,Medium
10386,35,63.75999832,9,2231.600098,1/3/2005,Resolved,1,3,2005,Vintage Cars,65,S24_3420,Euro Shopping Channel,(91) 555 94 44,"C/ Moralzarzal, 86",NULL,Madrid,NULL,28034,Spain,EMEA,Freyre,Diego,Small
10398,34,71.66999817,13,2436.780029,30/3/05,Shipped,1,3,2005,Vintage Cars,65,S24_3420,Reims Collectables,26.47.1555,59 rue de l'Abbaye,NULL,Reims,NULL,51100,France,EMEA,Henriot,Paul,Small
10400,38,57.20000076,3,2173.600098,1/4/2005,Shipped,2,4,2005,Vintage Cars,65,S24_3420,The Sharp Gifts Warehouse,4085553659,3086 Ingle Ln.,NULL,San Jose,CA,94217,USA,NA,Frick,Sue,Small
10415,18,69.69999695,2,1254.599976,9/5/2005,Disputed,2,5,2005,Vintage Cars,65,S24_3420,"Australian Collectables, Ltd",61-9-3844-6555,7 Allen Street,NULL,Glen Waverly,Victoria,3150,Australia,APAC,Connery,Sean,Small
10110,37,100,14,3724.419922,18/3/03,Shipped,1,3,2003,Classic Cars,107,S24_3432,"AV Stores, Co.",(171) 555-1555,Fauntleroy Circus,NULL,Manchester,NULL,EC2 5NT,UK,EMEA,Ashworth,Victoria,Medium
10124,43,100,13,5203,21/5/03,Shipped,2,5,2003,Classic Cars,107,S24_3432,Signal Gift Stores,7025551838,8489 Strong St.,NULL,Las Vegas,NV,83030,USA,NA,King,Sue,Medium
10148,27,100,7,3469.5,11/9/2003,Shipped,3,9,2003,Classic Cars,107,S24_3432,"Anna's Decorations, Ltd",02 9936 8555,201 Miller Street,Level 15,North Sydney,NSW,2060,Australia,APAC,O'Hara,Anna,Medium
10161,30,100,6,3148.199951,17/10/03,Shipped,4,10,2003,Classic Cars,107,S24_3432,Heintze Collectables,86 21 3555,Smagsloget 45,NULL,Aaarhus,NULL,8200,Denmark,EMEA,Ibsen,Palle,Medium
10172,22,98.51000214,4,2167.219971,5/11/2003,Shipped,4,11,2003,Classic Cars,107,S24_3432,Gift Depot Inc.,2035552570,25593 South Bay Ln.,NULL,Bridgewater,CT,97562,USA,NA,King,Julie,Small
10182,49,100,17,6244.069824,12/11/2003,Shipped,4,11,2003,Classic Cars,107,S24_3432,Mini Gifts Distributors Ltd.,4155551450,5677 Strong St.,NULL,San Rafael,CA,97562,USA,NA,Nelson,Valarie,Medium
10192,46,100,5,5566,20/11/03,Shipped,4,11,2003,Classic Cars,107,S24_3432,Online Diecast Creations Co.,6035558647,2304 Long Airport Avenue,NULL,Nashua,NH,62005,USA,NA,Young,Valarie,Medium
10204,48,91.01999664,11,4368.959961,2/12/2003,Shipped,4,12,2003,Classic Cars,107,S24_3432,Muscle Machine Inc,2125557413,4092 Furth Circle,Suite 400,NYC,NY,10022,USA,NA,Young,Jeff,Medium
10212,46,87.80999756,4,4039.26001,16/1/04,Shipped,1,1,2004,Classic Cars,107,S24_3432,Euro Shopping Channel,(91) 555 94 44,"C/ Moralzarzal, 86",NULL,Madrid,NULL,28034,Spain,EMEA,Freyre,Diego,Medium
10226,48,92.08999634,2,4420.319824,26/2/04,Shipped,1,2,2004,Classic Cars,107,S24_3432,Collectable Mini Designs Co.,7605558146,361 Furth Circle,NULL,San Diego,CA,91217,USA,NA,Thompson,Valarie,Medium
10241,27,86.73000336,9,2341.709961,13/4/04,Shipped,2,4,2004,Classic Cars,107,S24_3432,Mini Caravy,88.60.1555,"24, place Kluber",NULL,Strasbourg,NULL,67000,France,EMEA,Citeaux,Frederique,Small
10267,43,100,6,5110.97998,7/7/2004,Shipped,3,7,2004,Classic Cars,107,S24_3432,Muscle Machine Inc,2125557413,4092 Furth Circle,Suite 400,NYC,NY,10022,USA,NA,Young,Jeff,Medium
10279,48,100,6,6168,9/8/2004,Shipped,3,8,2004,Classic Cars,107,S24_3432,Euro Shopping Channel,(91) 555 94 44,"C/ Moralzarzal, 86",NULL,Madrid,NULL,28034,Spain,EMEA,Freyre,Diego,Medium
10288,41,100,12,4873.259766,1/9/2004,Shipped,3,9,2004,Classic Cars,107,S24_3432,Handji Gifts& Co,+65 224 1555,Village Close - 106 Linden Road Sandown,2nd Floor,Singapore,NULL,69045,Singapore,APAC,Victorino,Wendy,Medium
10301,22,96.37000275,2,2120.139893,5/10/2003,Shipped,4,10,2003,Classic Cars,107,S24_3432,"Norway Gifts By Mail, Co.",+47 2212 1555,"Drammensveien 126 A, PB 744 Sentrum",NULL,Oslo,NULL,N 0106,Norway,EMEA,Klaeboe,Jan,Small
10311,46,92.08999634,7,4236.140137,16/10/04,Shipped,4,10,2004,Classic Cars,107,S24_3432,Euro Shopping Channel,(91) 555 94 44,"C/ Moralzarzal, 86",NULL,Madrid,NULL,28034,Spain,EMEA,Freyre,Diego,Medium
10321,21,89.94999695,4,1888.949951,4/11/2004,Shipped,4,11,2004,Classic Cars,107,S24_3432,FunGiftIdeas.com,5085552555,1785 First Street,NULL,New Bedford,MA,50553,USA,NA,Benitez,Violeta,Small
10332,31,37.18000031,13,1152.579956,17/11/04,Shipped,4,11,2004,Classic Cars,107,S24_3432,"AV Stores, Co.",(171) 555-1555,Fauntleroy Circus,NULL,Manchester,NULL,EC2 5NT,UK,EMEA,Ashworth,Victoria,Small
10346,26,95.87999725,6,2492.879883,29/11/04,Shipped,4,11,2004,Classic Cars,107,S24_3432,Signal Gift Stores,7025551838,8489 Strong St.,NULL,Las Vegas,NV,83030,USA,NA,King,Sue,Small
10368,20,99.58000183,4,1991.599976,19/1/05,Shipped,1,1,2005,Classic Cars,107,S24_3432,Mini Gifts Distributors Ltd.,4155551450,5677 Strong St.,NULL,San Rafael,CA,97562,USA,NA,Nelson,Valarie,Small
10380,34,100,11,3953.179932,16/2/05,Shipped,1,2,2005,Classic Cars,107,S24_3432,Euro Shopping Channel,(91) 555 94 44,"C/ Moralzarzal, 86",NULL,Madrid,NULL,28034,Spain,EMEA,Freyre,Diego,Medium
10407,43,86.73000336,9,3729.389893,22/4/05,On Hold,2,4,2005,Classic Cars,107,S24_3432,The Sharp Gifts Warehouse,4085553659,3086 Ingle Ln.,NULL,San Jose,CA,94217,USA,NA,Frick,Sue,Medium
10420,26,100,12,2617.159912,29/5/05,In Process,2,5,2005,Classic Cars,107,S24_3432,Souveniers And Things Co.,+61 2 9495 8555,"Monitor Money Building, 815 Pacific Hwy",Level 6,Chatswood,NSW,2067,Australia,APAC,Huxley,Adrian,Small
10105,50,79.66999817,1,3983.5,11/2/2003,Shipped,1,2,2003,Vintage Cars,83,S24_3816,Danish Wholesale Imports,31 12 3555,Vinb'ltet 34,NULL,Kobenhavn,NULL,1734,Denmark,EMEA,Petersen,Jytte,Medium
10119,35,90.56999969,10,3169.949951,28/4/03,Shipped,2,4,2003,Vintage Cars,83,S24_3816,Salzburg Collectables,6562-9555,Geislweg 14,NULL,Salzburg,NULL,5020,Austria,EMEA,Pipps,Georg,Medium
10129,50,77.98999786,1,3899.5,12/6/2003,Shipped,2,6,2003,Vintage Cars,83,S24_3816,"Stylish Desk Decors, Co.",(171) 555-0297,35 King George,NULL,London,NULL,WX3 6FW,UK,EMEA,Brown,Ann,Medium
10143,23,80.51000214,14,1851.72998,10/8/2003,Shipped,3,8,2003,Vintage Cars,83,S24_3816,Mini Creations Ltd.,5085559555,4575 Hillside Dr.,NULL,New Bedford,MA,50553,USA,NA,Tam,Wing C,Small
10155,37,67.93000031,12,2513.409912,6/10/2003,Shipped,4,10,2003,Vintage Cars,83,S24_3816,"Toys of Finland, Co.",90-224 8555,Keskuskatu 45,NULL,Helsinki,NULL,21240,Finland,EMEA,Karttunen,Matti,Small
10167,29,83.86000061,8,2431.939941,23/10/03,Cancelled,4,10,2003,Vintage Cars,83,S24_3816,Scandinavian Gift Ideas,0695-34 6555,?kergatan 24,NULL,Boras,NULL,S-844 67,Sweden,EMEA,Larsson,Maria,Small
10178,21,72.12000275,11,1514.52002,8/11/2003,Shipped,4,11,2003,Vintage Cars,83,S24_3816,Alpha Cognac,61.77.6555,1 rue Alsace-Lorraine,NULL,Toulouse,NULL,31000,France,EMEA,Roulet,Annette,Small
10186,36,85.54000092,8,3079.439941,14/11/03,Shipped,4,11,2003,Vintage Cars,83,S24_3816,"Double Decker Gift Stores, Ltd",(171) 555-7555,120 Hanover Sq.,NULL,London,NULL,WA1 1DP,UK,EMEA,Hardy,Thomas,Medium
10197,22,86.37999725,5,1900.359985,26/11/03,Shipped,4,11,2003,Vintage Cars,83,S24_3816,Enaco Distributors,(93) 203 4555,"Rambla de Catalu a, 23",NULL,Barcelona,NULL,8022,Spain,EMEA,Saavedra,Eduardo,Small
10209,22,89.73000336,7,1974.060059,9/1/2004,Shipped,1,1,2004,Vintage Cars,83,S24_3816,"Men 'R' US Retailers, Ltd.",2155554369,6047 Douglas Av.,NULL,Los Angeles,CA,NULL,USA,NA,Chandler,Michael,Small
10222,46,80.51000214,11,3703.459961,19/2/04,Shipped,1,2,2004,Vintage Cars,83,S24_3816,Collectable Mini Designs Co.,7605558146,361 Furth Circle,NULL,San Diego,CA,91217,USA,NA,Thompson,Valarie,Medium
10248,23,76.30999756,2,1755.130005,7/5/2004,Cancelled,2,5,2004,Vintage Cars,83,S24_3816,Land of Toys Inc.,2125557818,897 Long Airport Avenue,NULL,NYC,NY,10022,USA,NA,Yu,Kwai,Small
10262,49,87.20999908,16,4273.290039,24/6/04,Cancelled,2,6,2004,Vintage Cars,83,S24_3816,Euro Shopping Channel,(91) 555 94 44,"C/ Moralzarzal, 86",NULL,Madrid,NULL,28034,Spain,EMEA,Freyre,Diego,Medium
10273,48,83.01999664,3,3984.959961,21/7/04,Shipped,3,7,2004,Vintage Cars,83,S24_3816,Petit Auto,(02) 5554 67,Rue Joseph-Bens 532,NULL,Bruxelles,NULL,B-1180,Belgium,EMEA,Dewey,Catherine,Medium
10283,33,72.95999908,5,2407.679932,20/8/04,Shipped,3,8,2004,Vintage Cars,83,S24_3816,"Royal Canadian Collectables, Ltd.",(604) 555-4555,23 Tsawassen Blvd.,NULL,Tsawassen,BC,T2F 8M4,Canada,NA,Lincoln,Elizabeth,Small
10296,22,77.15000153,14,1697.300049,15/9/04,Shipped,3,9,2004,Vintage Cars,83,S24_3816,"Bavarian Collectables Imports, Co.",+49 89 61 08 9555,Hansastr. 15,NULL,Munich,NULL,80686,Germany,EMEA,Donnermeyer,Michael,Small
10307,22,91.41000366,8,2011.02002,14/10/04,Shipped,4,10,2004,Vintage Cars,83,S24_3816,"Classic Gift Ideas, Inc",2155554695,782 First Street,NULL,Philadelphia,PA,71270,USA,NA,Cervantes,Francisca,Small
10316,25,92.25,16,2306.25,1/11/2004,Shipped,4,11,2004,Vintage Cars,83,S24_3816,giftsbymail.co.uk,(198) 555-8888,Garden House Crowther Way,NULL,Cowes,Isle of Wight,PO31 7PJ,UK,EMEA,Bennett,Helen,Small
10326,20,92.25,2,1845,9/11/2004,Shipped,4,11,2004,Vintage Cars,83,S24_3816,"Volvo Model Replicas, Co",0921-12 3555,Berguvsv gen  8,NULL,Lule,NULL,S-958 22,Sweden,EMEA,Berglund,Christina,Small
10339,42,59.36000061,16,2493.120117,23/11/04,Shipped,4,11,2004,Vintage Cars,83,S24_3816,"Tokyo Collectables, Ltd",+81 3 3584 0555,2-2-8 Roppongi,NULL,Minato-ku,Tokyo,106-0032,Japan,Japan,Shimamura,Akiko,Small
10350,25,60.34000015,10,1508.5,2/12/2004,Shipped,4,12,2004,Vintage Cars,83,S24_3816,Euro Shopping Channel,(91) 555 94 44,"C/ Moralzarzal, 86",NULL,Madrid,NULL,28034,Spain,EMEA,Freyre,Diego,Small
10373,23,100,10,2394.300049,31/1/05,Shipped,1,1,2005,Vintage Cars,83,S24_3816,"Oulu Toy Supplies, Inc.",981-443655,Torikatu 38,NULL,Oulu,NULL,90110,Finland,EMEA,Koskitalo,Pirkko,Small
10385,37,85.54000092,2,3164.97998,28/2/05,Shipped,1,2,2005,Vintage Cars,83,S24_3816,Mini Gifts Distributors Ltd.,4155551450,5677 Strong St.,NULL,San Rafael,CA,97562,USA,NA,Nelson,Valarie,Medium
10396,37,90.56999969,8,3351.090088,23/3/05,Shipped,1,3,2005,Vintage Cars,83,S24_3816,Mini Gifts Distributors Ltd.,4155551450,5677 Strong St.,NULL,San Rafael,CA,97562,USA,NA,Nelson,Valarie,Medium
10400,42,72.95999908,8,3064.320068,1/4/2005,Shipped,2,4,2005,Vintage Cars,83,S24_3816,The Sharp Gifts Warehouse,4085553659,3086 Ingle Ln.,NULL,San Jose,CA,94217,USA,NA,Frick,Sue,Medium
10414,51,76.30999756,2,3891.810059,6/5/2005,On Hold,2,5,2005,Vintage Cars,83,S24_3816,Gifts4AllAges.com,6175559555,8616 Spinnaker Dr.,NULL,Boston,MA,51003,USA,NA,Yoshido,Juri,Medium
10108,40,100,1,5448.799805,3/3/2003,Shipped,1,3,2003,Classic Cars,140,S24_3856,Cruz & Sons Co.,+63 2 555 3587,15 McCallum Street - NatWest Center #13-03,NULL,Makati City,NULL,1227 MM,Philippines,Japan,Cruz,Arnold,Medium
10122,43,100,5,5494.970215,8/5/2003,Shipped,2,5,2003,Classic Cars,140,S24_3856,Marseille Mini Autos,91.24.4555,"12, rue des Bouchers",NULL,Marseille,NULL,13008,France,EMEA,Lebihan,Laurence,Medium
10135,47,100,2,6336.069824,2/7/2003,Shipped,3,7,2003,Classic Cars,140,S24_3856,Mini Gifts Distributors Ltd.,4155551450,5677 Strong St.,NULL,San Rafael,CA,97562,USA,NA,Nelson,Valarie,Medium
10147,23,100,2,2906.969971,5/9/2003,Shipped,3,9,2003,Classic Cars,140,S24_3856,Collectables For Less Inc.,6175558555,7825 Douglas Av.,NULL,Brickhaven,MA,58339,USA,NA,Nelson,Allen,Small
10160,35,100,3,4767.700195,11/10/2003,Shipped,4,10,2003,Classic Cars,140,S24_3856,"Men 'R' US Retailers, Ltd.",2155554369,6047 Douglas Av.,NULL,Los Angeles,CA,NULL,USA,NA,Chandler,Michael,Medium
10170,34,100,1,3819.560059,4/11/2003,Shipped,4,11,2003,Classic Cars,140,S24_3856,Mini Auto Werke,7675-3555,Kirchgasse 6,NULL,Graz,NULL,8010,Austria,EMEA,Mendel,Roland,Medium
10181,25,100,9,3861.75,12/11/2003,Shipped,4,11,2003,Classic Cars,140,S24_3856,Herkku Gifts,+47 2267 3215,"Drammen 121, PR 744 Sentrum",NULL,Bergen,NULL,N 5804,Norway,EMEA,Oeztan,Veysel,Medium
10192,45,100,14,6319.350098,20/11/03,Shipped,4,11,2003,Classic Cars,140,S24_3856,Online Diecast Creations Co.,6035558647,2304 Long Airport Avenue,NULL,Nashua,NH,62005,USA,NA,Young,Valarie,Medium
10203,47,100,3,6996.419922,2/12/2003,Shipped,4,12,2003,Classic Cars,140,S24_3856,Euro Shopping Channel,(91) 555 94 44,"C/ Moralzarzal, 86",NULL,Madrid,NULL,28034,Spain,EMEA,Freyre,Diego,Medium
10212,49,100,13,6949.669922,16/1/04,Shipped,1,1,2004,Classic Cars,140,S24_3856,Euro Shopping Channel,(91) 555 94 44,"C/ Moralzarzal, 86",NULL,Madrid,NULL,28034,Spain,EMEA,Freyre,Diego,Medium
10225,40,100,4,4550,22/2/04,Shipped,1,2,2004,Classic Cars,140,S24_3856,"Vida Sport, Ltd",0897-034555,Grenzacherweg 237,NULL,Gensve,NULL,1203,Switzerland,EMEA,Holz,Michael,Medium
10239,29,100,3,4479.629883,12/4/2004,Shipped,2,4,2004,Classic Cars,140,S24_3856,"Oulu Toy Supplies, Inc.",981-443655,Torikatu 38,NULL,Oulu,NULL,90110,Finland,EMEA,Koskitalo,Pirkko,Medium
10253,39,100,8,5148,1/6/2004,Cancelled,2,6,2004,Classic Cars,140,S24_3856,"UK Collectables, Ltd.",(171) 555-2282,Berkeley Gardens 12  Brewery,NULL,Liverpool,NULL,WX1 6LT,UK,EMEA,Devon,Elizabeth,Medium
10266,24,100,9,2932.080078,6/7/2004,Shipped,3,7,2004,Classic Cars,140,S24_3856,L'ordine Souveniers,0522-556555,Strada Provinciale 124,NULL,Reggio Emilia,NULL,42100,Italy,EMEA,Moroni,Maurizio,Small
10278,25,100,9,3159.75,6/8/2004,Shipped,3,8,2004,Classic Cars,140,S24_3856,Signal Gift Stores,7025551838,8489 Strong St.,NULL,Las Vegas,NV,83030,USA,NA,King,Sue,Medium
10287,36,100,7,4297.319824,30/8/04,Shipped,3,8,2004,Classic Cars,140,S24_3856,"Vida Sport, Ltd",0897-034555,Grenzacherweg 237,NULL,Gensve,NULL,1203,Switzerland,EMEA,Holz,Michael,Medium
10301,50,100,11,7723.5,5/10/2003,Shipped,4,10,2003,Classic Cars,140,S24_3856,"Norway Gifts By Mail, Co.",+47 2212 1555,"Drammensveien 126 A, PB 744 Sentrum",NULL,Oslo,NULL,N 0106,Norway,EMEA,Klaeboe,Jan,Large
10310,45,100,5,5497.649902,16/10/04,Shipped,4,10,2004,Classic Cars,140,S24_3856,"Toms Spezialitten, Ltd",0221-5554327,Mehrheimerstr. 369,NULL,Koln,NULL,50739,Germany,EMEA,Pfalzheim,Henriette,Medium
10321,26,100,13,4052.879883,4/11/2004,Shipped,4,11,2004,Classic Cars,140,S24_3856,FunGiftIdeas.com,5085552555,1785 First Street,NULL,New Bedford,MA,50553,USA,NA,Benitez,Violeta,Medium
10331,21,100,1,3135.929932,17/11/04,Shipped,4,11,2004,Classic Cars,140,S24_3856,Motor Mint Distributors Inc.,2155559857,11328 Douglas Av.,NULL,Philadelphia,PA,71270,USA,NA,Hernandez,Rosa,Medium
10342,42,100,6,5013.540039,24/11/04,Shipped,4,11,2004,Classic Cars,140,S24_3856,"Australian Collectors, Co.",03 9520 4555,636 St Kilda Road,Level 3,Melbourne,Victoria,3004,Australia,APAC,Ferguson,Peter,Medium
10355,32,100,8,5302.720215,7/12/2004,Shipped,4,12,2004,Classic Cars,140,S24_3856,Euro Shopping Channel,(91) 555 94 44,"C/ Moralzarzal, 86",NULL,Madrid,NULL,28034,Spain,EMEA,Freyre,Diego,Medium
10363,31,94.58000183,1,2931.97998,6/1/2005,Shipped,1,1,2005,Classic Cars,140,S24_3856,Suominen Souveniers,+358 9 8045 555,"Software Engineering Center, SEC Oy",NULL,Espoo,NULL,FIN-02271,Finland,EMEA,Suominen,Kalle,Small
10378,33,53.27000046,3,1757.910034,10/2/2005,Shipped,1,2,2005,Classic Cars,140,S24_3856,Euro Shopping Channel,(91) 555 94 44,"C/ Moralzarzal, 86",NULL,Madrid,NULL,28034,Spain,EMEA,Freyre,Diego,Small
10390,45,100,8,6763.049805,4/3/2005,Shipped,1,3,2005,Classic Cars,140,S24_3856,Mini Gifts Distributors Ltd.,4155551450,5677 Strong St.,NULL,San Rafael,CA,97562,USA,NA,Nelson,Valarie,Medium
10405,76,100,3,11739.7002,14/4/05,Shipped,2,4,2005,Classic Cars,140,S24_3856,Mini Caravy,88.60.1555,"24, place Kluber",NULL,Strasbourg,NULL,67000,France,EMEA,Citeaux,Frederique,Large
10419,70,100,8,9240,17/5/05,Shipped,2,5,2005,Classic Cars,140,S24_3856,Salzburg Collectables,6562-9555,Geislweg 14,NULL,Salzburg,NULL,5020,Austria,EMEA,Pipps,Georg,Large
10106,50,64.83000183,11,3241.5,17/2/03,Shipped,1,2,2003,Planes,68,S24_3949,Rovelli Gifts,035-640555,Via Ludovico il Moro 22,NULL,Bergamo,NULL,24100,Italy,EMEA,Rovelli,Giovanni,Medium
10119,28,70.29000092,2,1968.119995,28/4/03,Shipped,2,4,2003,Planes,68,S24_3949,Salzburg Collectables,6562-9555,Geislweg 14,NULL,Salzburg,NULL,5020,Austria,EMEA,Pipps,Georg,Small
10131,50,81.88999939,3,4094.5,16/6/03,Shipped,2,6,2003,Planes,68,S24_3949,Gift Ideas Corp.,2035554407,2440 Pompton St.,NULL,Glendale,CT,97561,USA,NA,Lewis,Dan,Medium
10143,28,66.19000244,6,1853.319946,10/8/2003,Shipped,3,8,2003,Planes,68,S24_3949,Mini Creations Ltd.,5085559555,4575 Hillside Dr.,NULL,New Bedford,MA,50553,USA,NA,Tam,Wing C,Small
10155,44,77.11000061,4,3392.840088,6/10/2003,Shipped,4,10,2003,Planes,68,S24_3949,"Toys of Finland, Co.",90-224 8555,Keskuskatu 45,NULL,Helsinki,NULL,21240,Finland,EMEA,Karttunen,Matti,Medium
10168,27,73.01999664,18,1971.540039,28/10/03,Shipped,4,10,2003,Planes,68,S24_3949,Technics Stores Inc.,6505556809,9408 Furth Circle,NULL,Burlingame,CA,94217,USA,NA,Hirano,Juri,Small
10178,30,72.33000183,3,2169.899902,8/11/2003,Shipped,4,11,2003,Planes,68,S24_3949,Alpha Cognac,61.77.6555,1 rue Alsace-Lorraine,NULL,Toulouse,NULL,31000,France,EMEA,Roulet,Annette,Small
10198,43,66.19000244,3,2846.169922,27/11/03,Shipped,4,11,2003,Planes,68,S24_3949,Cruz & Sons Co.,+63 2 555 3587,15 McCallum Street - NatWest Center #13-03,NULL,Makati City,NULL,1227 MM,Philippines,Japan,Cruz,Arnold,Small
10210,29,69.59999847,16,2018.400024,12/1/2004,Shipped,1,1,2004,Planes,68,S24_3949,Osaka Souveniers Co.,+81 06 6342 5555,"Dojima Avanza 4F, 1-6-20 Dojima, Kita-ku",NULL,Osaka,Osaka,530-0003,Japan,Japan,Kentary,Mory,Small
10222,48,56.63999939,3,2718.719971,19/2/04,Shipped,1,2,2004,Planes,68,S24_3949,Collectable Mini Designs Co.,7605558146,361 Furth Circle,NULL,San Diego,CA,91217,USA,NA,Thompson,Valarie,Small
10235,33,60.04999924,12,1981.650024,2/4/2004,Shipped,2,4,2004,Planes,68,S24_3949,"Royal Canadian Collectables, Ltd.",(604) 555-4555,23 Tsawassen Blvd.,NULL,Tsawassen,BC,T2F 8M4,Canada,NA,Lincoln,Elizabeth,Small
10250,40,75.05999756,13,3002.399902,11/5/2004,Shipped,2,5,2004,Planes,68,S24_3949,The Sharp Gifts Warehouse,4085553659,3086 Ingle Ln.,NULL,San Jose,CA,94217,USA,NA,Frick,Sue,Medium
10262,48,61.41999817,8,2948.159912,24/6/04,Cancelled,2,6,2004,Planes,68,S24_3949,Euro Shopping Channel,(91) 555 94 44,"C/ Moralzarzal, 86",NULL,Madrid,NULL,28034,Spain,EMEA,Freyre,Diego,Small
10275,41,81.88999939,18,3357.48999,23/7/04,Shipped,3,7,2004,Planes,68,S24_3949,La Rochelle Gifts,40.67.8555,"67, rue des Cinquante Otages",NULL,Nantes,NULL,44000,France,EMEA,Labrune,Janine,Medium
10284,21,55.95999908,10,1175.160034,21/8/04,Shipped,3,8,2004,Planes,68,S24_3949,"Norway Gifts By Mail, Co.",+47 2212 1555,"Drammensveien 126 A, PB 744 Sentrum",NULL,Oslo,NULL,N 0106,Norway,EMEA,Klaeboe,Jan,Small
10296,32,71.65000153,6,2292.800049,15/9/04,Shipped,3,9,2004,Planes,68,S24_3949,"Bavarian Collectables Imports, Co.",+49 89 61 08 9555,Hansastr. 15,NULL,Munich,NULL,80686,Germany,EMEA,Donnermeyer,Michael,Small
10308,43,76.43000031,16,3286.48999,15/10/04,Shipped,4,10,2004,Planes,68,S24_3949,Mini Classics,9145554562,3758 North Pendale Street,NULL,White Plains,NY,24067,USA,NA,Frick,Steve,Medium
10316,30,77.79000092,8,2333.699951,1/11/2004,Shipped,4,11,2004,Planes,68,S24_3949,giftsbymail.co.uk,(198) 555-8888,Garden House Crowther Way,NULL,Cowes,Isle of Wight,PO31 7PJ,UK,EMEA,Bennett,Helen,Small
10328,35,76.43000031,3,2675.050049,12/11/2004,Shipped,4,11,2004,Planes,68,S24_3949,Rovelli Gifts,035-640555,Via Ludovico il Moro 22,NULL,Bergamo,NULL,24100,Italy,EMEA,Rovelli,Giovanni,Small
10339,45,96.91999817,11,4361.399902,23/11/04,Shipped,4,11,2004,Planes,68,S24_3949,"Tokyo Collectables, Ltd",+81 3 3584 0555,2-2-8 Roppongi,NULL,Minato-ku,Tokyo,106-0032,Japan,Japan,Shimamura,Akiko,Medium
10351,34,59.36999893,3,2018.579956,3/12/2004,Shipped,4,12,2004,Planes,68,S24_3949,"Stylish Desk Decors, Co.",(171) 555-0297,35 King George,NULL,London,NULL,WX3 6FW,UK,EMEA,Brown,Ann,Small
10361,26,100,7,3710.97998,17/12/04,Shipped,4,12,2004,Planes,68,S24_3949,Souveniers And Things Co.,+61 2 9495 8555,"Monitor Money Building, 815 Pacific Hwy",Level 6,Chatswood,NSW,2067,Australia,APAC,Huxley,Adrian,Medium
10373,39,73,13,2847,31/1/05,Shipped,1,1,2005,Planes,68,S24_3949,"Oulu Toy Supplies, Inc.",981-443655,Torikatu 38,NULL,Oulu,NULL,90110,Finland,EMEA,Koskitalo,Pirkko,Small
10386,41,73.31999969,12,3006.120117,1/3/2005,Resolved,1,3,2005,Planes,68,S24_3949,Euro Shopping Channel,(91) 555 94 44,"C/ Moralzarzal, 86",NULL,Madrid,NULL,28034,Spain,EMEA,Freyre,Diego,Medium
10398,41,68.23999786,2,2797.840088,30/3/05,Shipped,1,3,2005,Planes,68,S24_3949,Reims Collectables,26.47.1555,59 rue de l'Abbaye,NULL,Reims,NULL,51100,France,EMEA,Henriot,Paul,Small
10401,64,60.04999924,12,3843.199951,3/4/2005,On Hold,2,4,2005,Planes,68,S24_3949,Tekni Collectables Inc.,2015559350,7476 Moss Rd.,NULL,Newark,NJ,94019,USA,NA,Brown,William,Medium
10416,18,75.05999756,13,1351.079956,10/5/2005,Shipped,2,5,2005,Planes,68,S24_3949,L'ordine Souveniers,0522-556555,Strada Provinciale 124,NULL,Reggio Emilia,NULL,42100,Italy,EMEA,Moroni,Maurizio,Small
10100,49,34.47000122,1,1689.030029,6/1/2003,Shipped,1,1,2003,Vintage Cars,41,S24_3969,Online Diecast Creations Co.,6035558647,2304 Long Airport Avenue,NULL,Nashua,NH,62005,USA,NA,Young,Valarie,Small
10110,48,34.47000122,5,1654.560059,18/3/03,Shipped,1,3,2003,Vintage Cars,41,S24_3969,"AV Stores, Co.",(171) 555-1555,Fauntleroy Circus,NULL,Manchester,NULL,EC2 5NT,UK,EMEA,Ashworth,Victoria,Small
10124,46,33.22999954,4,1528.579956,21/5/03,Shipped,2,5,2003,Vintage Cars,41,S24_3969,Signal Gift Stores,7025551838,8489 Strong St.,NULL,Las Vegas,NV,83030,USA,NA,King,Sue,Small
10149,26,38.97999954,9,1013.47998,12/9/2003,Shipped,3,9,2003,Vintage Cars,41,S24_3969,Signal Collectibles Ltd.,4155554312,2793 Furth Circle,NULL,Brisbane,CA,94217,USA,NA,Taylor,Sue,Small
10162,37,38.97999954,7,1442.26001,18/10/03,Shipped,4,10,2003,Vintage Cars,41,S24_3969,Corporate Gift Ideas Co.,6505551386,7734 Strong St.,NULL,San Francisco,CA,NULL,USA,NA,Brown,Julie,Small
10173,35,33.22999954,11,1163.050049,5/11/2003,Shipped,4,11,2003,Vintage Cars,41,S24_3969,Rovelli Gifts,035-640555,Via Ludovico il Moro 22,NULL,Bergamo,NULL,24100,Italy,EMEA,Rovelli,Giovanni,Small
10182,23,42.25999832,8,971.9799805,12/11/2003,Shipped,4,11,2003,Vintage Cars,41,S24_3969,Mini Gifts Distributors Ltd.,4155551450,5677 Strong St.,NULL,San Rafael,CA,97562,USA,NA,Nelson,Valarie,Small
10193,22,41.02999878,12,902.6599731,21/11/03,Shipped,4,11,2003,Vintage Cars,41,S24_3969,"Australian Collectables, Ltd",61-9-3844-6555,7 Allen Street,NULL,Glen Waverly,Victoria,3150,Australia,APAC,Connery,Sean,Small
10204,39,33.22999954,2,1295.969971,2/12/2003,Shipped,4,12,2003,Vintage Cars,41,S24_3969,Muscle Machine Inc,2125557413,4092 Furth Circle,Suite 400,NYC,NY,10022,USA,NA,Young,Jeff,Small
10214,44,34.88000107,5,1534.719971,26/1/04,Shipped,1,1,2004,Vintage Cars,41,S24_3969,"Corrida Auto Replicas, Ltd",(91) 555 22 82,"C/ Araquil, 67",NULL,Madrid,NULL,28023,Spain,EMEA,Sommer,Mart n,Small
10227,27,43.90000153,8,1185.300049,2/3/2004,Shipped,1,3,2004,Vintage Cars,41,S24_3969,"Saveley & Henriot, Co.",78.32.5555,"2, rue du Commerce",NULL,Lyon,NULL,69004,France,EMEA,Saveley,Mary,Small
10242,46,36.93000031,1,1698.780029,20/4/04,Shipped,2,4,2004,Vintage Cars,41,S24_3969,Microscale Inc.,2125551957,5290 North Pendale Street,Suite 200,NYC,NY,10022,USA,NA,Kuo,Kee,Small
10280,33,41.84999847,14,1381.050049,17/8/04,Shipped,3,8,2004,Vintage Cars,41,S24_3969,Amica Models & Co.,011-4988555,Via Monte Bianco 34,NULL,Torino,NULL,10100,Italy,EMEA,Accorti,Paolo,Small
10288,33,40.61999893,3,1340.459961,1/9/2004,Shipped,3,9,2004,Vintage Cars,41,S24_3969,Handji Gifts& Co,+65 224 1555,Village Close - 106 Linden Road Sandown,2nd Floor,Singapore,NULL,69045,Singapore,APAC,Victorino,Wendy,Small
10303,24,40.20999908,1,965.039978,6/10/2004,Shipped,4,10,2004,Vintage Cars,41,S24_3969,"Iberia Gift Imports, Corp.",(95) 555 82 82,"C/ Romero, 33",NULL,Sevilla,NULL,41101,Spain,EMEA,Roel,Jose Pedro,Small
10312,31,35.29000092,15,1093.98999,21/10/04,Shipped,4,10,2004,Vintage Cars,41,S24_3969,Mini Gifts Distributors Ltd.,4155551450,5677 Strong St.,NULL,San Rafael,CA,97562,USA,NA,Nelson,Valarie,Small
10332,41,77.23999786,14,3166.840088,17/11/04,Shipped,4,11,2004,Vintage Cars,41,S24_3969,"AV Stores, Co.",(171) 555-1555,Fauntleroy Circus,NULL,Manchester,NULL,EC2 5NT,UK,EMEA,Ashworth,Victoria,Medium
10346,22,97.44000244,4,2143.679932,29/11/04,Shipped,4,11,2004,Vintage Cars,41,S24_3969,Signal Gift Stores,7025551838,8489 Strong St.,NULL,Las Vegas,NV,83030,USA,NA,King,Sue,Small
10368,46,37.34000015,3,1717.640015,19/1/05,Shipped,1,1,2005,Vintage Cars,41,S24_3969,Mini Gifts Distributors Ltd.,4155551450,5677 Strong St.,NULL,San Rafael,CA,97562,USA,NA,Nelson,Valarie,Small
10380,43,95.02999878,12,4086.290039,16/2/05,Shipped,1,2,2005,Vintage Cars,41,S24_3969,Euro Shopping Channel,(91) 555 94 44,"C/ Moralzarzal, 86",NULL,Madrid,NULL,28034,Spain,EMEA,Freyre,Diego,Medium
10408,15,36.93000031,1,553.9500122,22/4/05,Shipped,2,4,2005,Vintage Cars,41,S24_3969,"Tokyo Collectables, Ltd",+81 3 3584 0555,2-2-8 Roppongi,NULL,Minato-ku,Tokyo,106-0032,Japan,Japan,Shimamura,Akiko,Small
10420,15,43.49000168,3,652.3499756,29/5/05,In Process,2,5,2005,Vintage Cars,41,S24_3969,Souveniers And Things Co.,+61 2 9495 8555,"Monitor Money Building, 815 Pacific Hwy",Level 6,Chatswood,NSW,2067,Australia,APAC,Huxley,Adrian,Small
10104,26,100,5,2921.620117,31/1/03,Shipped,1,1,2003,Classic Cars,118,S24_4048,Euro Shopping Channel,(91) 555 94 44,"C/ Moralzarzal, 86",NULL,Madrid,NULL,28034,Spain,EMEA,Freyre,Diego,Small
10115,44,100,1,5568.640137,4/4/2003,Shipped,2,4,2003,Classic Cars,118,S24_4048,Classic Legends Inc.,2125558493,5905 Pompton St.,Suite 750,NYC,NY,10022,USA,NA,Hernandez,Maria,Medium
10127,20,96.98999786,7,1939.800049,3/6/2003,Shipped,2,6,2003,Classic Cars,118,S24_4048,Muscle Machine Inc,2125557413,4092 Furth Circle,Suite 400,NYC,NY,10022,USA,NA,Young,Jeff,Small
10141,40,94.62000275,1,3784.800049,1/8/2003,Shipped,3,8,2003,Classic Cars,118,S24_4048,Suominen Souveniers,+358 9 8045 555,"Software Engineering Center, SEC Oy",NULL,Espoo,NULL,FIN-02271,Finland,EMEA,Suominen,Kalle,Medium
10152,23,100,3,2802.090088,25/9/03,Shipped,3,9,2003,Classic Cars,118,S24_4048,"Australian Gift Network, Co",61-7-3844-6555,31 Duncan St. West End,NULL,South Brisbane,Queensland,4101,Australia,APAC,Calaghan,Tony,Small
10165,24,99.36000061,8,2384.639893,22/10/03,Shipped,4,10,2003,Classic Cars,118,S24_4048,"Dragon Souveniers, Ltd.",+65 221 7555,"Bronz Sok., Bronz Apt. 3/6 Tesvikiye",NULL,Singapore,NULL,79903,Singapore,Japan,Natividad,Eric,Small
10176,29,100,7,2915.659912,6/11/2003,Shipped,4,11,2003,Classic Cars,118,S24_4048,L'ordine Souveniers,0522-556555,Strada Provinciale 124,NULL,Reggio Emilia,NULL,42100,Italy,EMEA,Moroni,Maurizio,Small
10184,49,100,2,5795.720215,14/11/03,Shipped,4,11,2003,Classic Cars,118,S24_4048,"Iberia Gift Imports, Corp.",(95) 555 82 82,"C/ Romero, 33",NULL,Sevilla,NULL,41101,Spain,EMEA,Roel,Jose Pedro,Medium
10195,34,100,2,3699.879883,25/11/03,Shipped,4,11,2003,Classic Cars,118,S24_4048,Mini Classics,9145554562,3758 North Pendale Street,NULL,White Plains,NY,24067,USA,NA,Frick,Steve,Medium
10207,28,100,3,2980.600098,9/12/2003,Shipped,4,12,2003,Classic Cars,118,S24_4048,Diecast Collectables,6175552555,6251 Ingle Ln.,NULL,Boston,MA,51003,USA,NA,Franco,Valarie,Small
10220,37,100,7,5032.740234,12/2/2004,Shipped,1,2,2004,Classic Cars,118,S24_4048,"Clover Collections, Co.",+353 1862 1555,25 Maiden Lane,Floor No. 4,Dublin,NULL,2,Ireland,EMEA,Cassidy,Dean,Medium
10230,45,100,5,4737.149902,15/3/04,Shipped,1,3,2004,Classic Cars,118,S24_4048,"Blauer See Auto, Co.",+49 69 66 90 2555,Lyonerstr. 34,NULL,Frankfurt,NULL,60528,Germany,EMEA,Keitel,Roland,Medium
10246,46,100,1,6311.200195,5/5/2004,Shipped,2,5,2004,Classic Cars,118,S24_4048,Euro Shopping Channel,(91) 555 94 44,"C/ Moralzarzal, 86",NULL,Madrid,NULL,28034,Spain,EMEA,Freyre,Diego,Medium
10271,22,100,1,3070.540039,20/7/04,Shipped,3,7,2004,Classic Cars,118,S24_4048,Mini Gifts Distributors Ltd.,4155551450,5677 Strong St.,NULL,San Rafael,CA,97562,USA,NA,Nelson,Valarie,Medium
10282,39,100,10,4797.390137,20/8/04,Shipped,3,8,2004,Classic Cars,118,S24_4048,Mini Gifts Distributors Ltd.,4155551450,5677 Strong St.,NULL,San Rafael,CA,97562,USA,NA,Nelson,Valarie,Medium
10292,27,100,4,3832.379883,8/9/2004,Shipped,3,9,2004,Classic Cars,118,S24_4048,Land of Toys Inc.,2125557818,897 Long Airport Avenue,NULL,NYC,NY,10022,USA,NA,Yu,Kwai,Medium
10305,36,100,1,4641.47998,13/10/04,Shipped,4,10,2004,Classic Cars,118,S24_4048,Marta's Replicas Co.,6175558555,39323 Spinnaker Dr.,NULL,Cambridge,MA,51247,USA,NA,Hernandez,Marta,Medium
10314,38,100,10,4000.26001,22/10/04,Shipped,4,10,2004,Classic Cars,118,S24_4048,Heintze Collectables,86 21 3555,Smagsloget 45,NULL,Aaarhus,NULL,8200,Denmark,EMEA,Ibsen,Palle,Medium
10325,44,100,5,5325.759766,5/11/2004,Shipped,4,11,2004,Classic Cars,118,S24_4048,Baane Mini Imports,07-98 9555,Erling Skakkes gate 78,NULL,Stavern,NULL,4110,Norway,EMEA,Bergulfsen,Jonas,Medium
10336,31,100,5,4618.689941,20/11/04,Shipped,4,11,2004,Classic Cars,118,S24_4048,"La Corne D'abondance, Co.",(1) 42.34.2555,"265, boulevard Charonne",NULL,Paris,NULL,75012,France,EMEA,Bertrand,Marie,Medium
10349,23,100,2,3182.969971,1/12/2004,Shipped,4,12,2004,Classic Cars,118,S24_4048,Muscle Machine Inc,2125557413,4092 Furth Circle,Suite 400,NYC,NY,10022,USA,NA,Young,Jeff,Medium
10359,22,100,7,2603.040039,15/12/04,Shipped,4,12,2004,Classic Cars,118,S24_4048,Reims Collectables,26.47.1555,59 rue de l'Abbaye,NULL,Reims,NULL,51100,France,EMEA,Henriot,Paul,Small
10371,28,50.31999969,9,1408.959961,23/1/05,Shipped,1,1,2005,Classic Cars,118,S24_4048,Mini Gifts Distributors Ltd.,4155551450,5677 Strong St.,NULL,San Rafael,CA,97562,USA,NA,Nelson,Valarie,Small
10383,21,93.91000366,4,1972.109985,22/2/05,Shipped,1,2,2005,Classic Cars,118,S24_4048,Euro Shopping Channel,(91) 555 94 44,"C/ Moralzarzal, 86",NULL,Madrid,NULL,28034,Spain,EMEA,Freyre,Diego,Small
10394,37,100,7,5207.75,15/3/05,Shipped,1,3,2005,Classic Cars,118,S24_4048,Euro Shopping Channel,(91) 555 94 44,"C/ Moralzarzal, 86",NULL,Madrid,NULL,28034,Spain,EMEA,Freyre,Diego,Medium
10412,31,100,1,4253.200195,3/5/2005,Shipped,2,5,2005,Classic Cars,118,S24_4048,Euro Shopping Channel,(91) 555 94 44,"C/ Moralzarzal, 86",NULL,Madrid,NULL,28034,Spain,EMEA,Freyre,Diego,Medium
10103,25,100,15,2873,29/1/03,Shipped,1,1,2003,Vintage Cars,97,S24_4258,Baane Mini Imports,07-98 9555,Erling Skakkes gate 78,NULL,Stavern,NULL,4110,Norway,EMEA,Bergulfsen,Jonas,Small
10111,26,86.68000031,3,2253.679932,25/3/03,Shipped,1,3,2003,Vintage Cars,97,S24_4258,Mini Wheels Co.,6505555787,5557 North Pendale Street,NULL,San Francisco,CA,NULL,USA,NA,Murphy,Julie,Small
10126,34,100,15,3576.120117,28/5/03,Shipped,2,5,2003,Vintage Cars,97,S24_4258,"Corrida Auto Replicas, Ltd",(91) 555 22 82,"C/ Araquil, 67",NULL,Madrid,NULL,28023,Spain,EMEA,Sommer,Mart n,Medium
10139,29,100,4,3276.129883,16/7/03,Shipped,3,7,2003,Vintage Cars,97,S24_4258,Souveniers And Things Co.,+61 2 9495 8555,"Monitor Money Building, 815 Pacific Hwy",Level 6,Chatswood,NSW,2067,Australia,APAC,Huxley,Adrian,Medium
10149,20,90.56999969,1,1811.400024,12/9/2003,Shipped,3,9,2003,Vintage Cars,97,S24_4258,Signal Collectibles Ltd.,4155554312,2793 Furth Circle,NULL,Brisbane,CA,94217,USA,NA,Taylor,Sue,Small
10163,42,91.55000305,5,3845.100098,20/10/03,Shipped,4,10,2003,Vintage Cars,97,S24_4258,Classic Legends Inc.,2125558493,5905 Pompton St.,Suite 750,NYC,NY,10022,USA,NA,Hernandez,Maria,Medium
10173,22,100,3,2571.139893,5/11/2003,Shipped,4,11,2003,Vintage Cars,97,S24_4258,Rovelli Gifts,035-640555,Via Ludovico il Moro 22,NULL,Bergamo,NULL,24100,Italy,EMEA,Rovelli,Giovanni,Small
10183,47,100,12,5035.109863,13/11/03,Shipped,4,11,2003,Vintage Cars,97,S24_4258,"Classic Gift Ideas, Inc",2155554695,782 First Street,NULL,Philadelphia,PA,71270,USA,NA,Cervantes,Francisca,Medium
10193,20,100,4,2279,21/11/03,Shipped,4,11,2003,Vintage Cars,97,S24_4258,"Australian Collectables, Ltd",61-9-3844-6555,7 Allen Street,NULL,Glen Waverly,Victoria,3150,Australia,APAC,Connery,Sean,Small
10206,33,97.38999939,10,3213.870117,5/12/2003,Shipped,4,12,2003,Vintage Cars,97,S24_4258,Canadian Gift Exchange Network,(604) 555-3392,1900 Oak St.,NULL,Vancouver,BC,V3F 2K1,Canada,NA,Tannamuri,Yoshi,Medium
10215,39,90.56999969,7,3532.22998,29/1/04,Shipped,1,1,2004,Vintage Cars,97,S24_4258,West Coast Collectables Co.,3105553722,3675 Furth Circle,NULL,Burbank,CA,94019,USA,NA,Thompson,Steve,Medium
10228,33,100,6,3406.590088,10/3/2004,Shipped,1,3,2004,Vintage Cars,97,S24_4258,Cambridge Collectables Co.,6175555555,4658 Baden Av.,NULL,Cambridge,MA,51247,USA,NA,Tseng,Kyung,Medium
10244,40,86.68000031,4,3467.199951,29/4/04,Shipped,2,4,2004,Vintage Cars,97,S24_4258,Euro Shopping Channel,(91) 555 94 44,"C/ Moralzarzal, 86",NULL,Madrid,NULL,28034,Spain,EMEA,Freyre,Diego,Medium
10257,46,78.88999939,4,3628.939941,14/6/04,Shipped,2,6,2004,Vintage Cars,97,S24_4258,The Sharp Gifts Warehouse,4085553659,3086 Ingle Ln.,NULL,San Jose,CA,94217,USA,NA,Frick,Sue,Medium
10269,48,97.38999939,2,4674.720215,16/7/04,Shipped,3,7,2004,Vintage Cars,97,S24_4258,Salzburg Collectables,6562-9555,Geislweg 14,NULL,Salzburg,NULL,5020,Austria,EMEA,Pipps,Georg,Medium
10280,21,78.88999939,6,1656.689941,17/8/04,Shipped,3,8,2004,Vintage Cars,97,S24_4258,Amica Models & Co.,011-4988555,Via Monte Bianco 34,NULL,Torino,NULL,10100,Italy,EMEA,Accorti,Paolo,Small
10290,45,100,1,5171.399902,7/9/2004,Shipped,3,9,2004,Vintage Cars,97,S24_4258,Auto-Moto Classics Inc.,6175558428,16780 Pompton St.,NULL,Brickhaven,MA,58339,USA,NA,Taylor,Leslie,Medium
10304,33,100,10,3342.570068,11/10/2004,Shipped,4,10,2004,Vintage Cars,97,S24_4258,Auto Assoc. & Cie.,30.59.8555,"67, avenue de l'Europe",NULL,Versailles,NULL,78000,France,EMEA,Tonini,Daniel,Medium
10312,44,100,7,4884.879883,21/10/04,Shipped,4,10,2004,Vintage Cars,97,S24_4258,Mini Gifts Distributors Ltd.,4155551450,5677 Strong St.,NULL,San Rafael,CA,97562,USA,NA,Nelson,Valarie,Medium
10324,33,100,3,6267.689941,5/11/2004,Shipped,4,11,2004,Vintage Cars,97,S24_4258,Vitachrome Inc.,2125551500,2678 Kingston Rd.,Suite 101,NYC,NY,10022,USA,NA,Frick,Michael,Medium
10333,39,100,1,4424.160156,18/11/04,Shipped,4,11,2004,Vintage Cars,97,S24_4258,Mini Wheels Co.,6505555787,5557 North Pendale Street,NULL,San Francisco,CA,NULL,USA,NA,Murphy,Julie,Medium
10348,39,50.31000137,2,1962.089966,1/11/2004,Shipped,4,11,2004,Vintage Cars,97,S24_4258,"Corrida Auto Replicas, Ltd",(91) 555 22 82,"C/ Araquil, 67",NULL,Madrid,NULL,28023,Spain,EMEA,Sommer,Mart n,Small
10358,41,100,6,6847,10/12/2004,Shipped,4,12,2004,Vintage Cars,97,S24_4258,Euro Shopping Channel,(91) 555 94 44,"C/ Moralzarzal, 86",NULL,Madrid,NULL,28034,Spain,EMEA,Freyre,Diego,Medium
10369,40,86.91999817,3,3476.800049,20/1/05,Shipped,1,1,2005,Vintage Cars,97,S24_4258,Collectables For Less Inc.,6175558555,7825 Douglas Av.,NULL,Brickhaven,MA,58339,USA,NA,Nelson,Allen,Medium
10382,33,100,4,4592.609863,17/2/05,Shipped,1,2,2005,Vintage Cars,97,S24_4258,Mini Gifts Distributors Ltd.,4155551450,5677 Strong St.,NULL,San Rafael,CA,97562,USA,NA,Nelson,Valarie,Medium
10423,28,78.88999939,4,2208.919922,30/5/05,In Process,2,5,2005,Vintage Cars,97,S24_4258,Petit Auto,(02) 5554 67,Rue Joseph-Bens 532,NULL,Bruxelles,NULL,B-1180,Belgium,EMEA,Dewey,Catherine,Small
10106,26,63.75999832,3,1657.76001,17/2/03,Shipped,1,2,2003,Planes,72,S24_4278,Rovelli Gifts,035-640555,Via Ludovico il Moro 22,NULL,Bergamo,NULL,24100,Italy,EMEA,Rovelli,Giovanni,Small
10120,29,85.48999786,9,2479.209961,29/4/03,Shipped,2,4,2003,Planes,72,S24_4278,"Australian Collectors, Co.",03 9520 4555,636 St Kilda Road,Level 3,Melbourne,Victoria,3004,Australia,APAC,Ferguson,Peter,Small
10133,46,77.51999664,4,3565.919922,27/6/03,Shipped,2,6,2003,Planes,72,S24_4278,Euro Shopping Channel,(91) 555 94 44,"C/ Moralzarzal, 86",NULL,Madrid,NULL,28034,Spain,EMEA,Freyre,Diego,Medium
10145,33,84.76999664,15,2797.409912,25/8/03,Shipped,3,8,2003,Planes,72,S24_4278,Toys4GrownUps.com,6265557265,78934 Hillside Dr.,NULL,Pasadena,CA,90003,USA,NA,Young,Julie,Small
10168,48,78.25,10,3756,28/10/03,Shipped,4,10,2003,Planes,72,S24_4278,Technics Stores Inc.,6505556809,9408 Furth Circle,NULL,Burlingame,CA,94217,USA,NA,Hirano,Juri,Medium
10210,40,71,8,2840,12/1/2004,Shipped,1,1,2004,Planes,72,S24_4278,Osaka Souveniers Co.,+81 06 6342 5555,"Dojima Avanza 4F, 1-6-20 Dojima, Kita-ku",NULL,Osaka,Osaka,530-0003,Japan,Japan,Kentary,Mory,Small
10223,23,74.62000275,10,1716.26001,20/2/04,Shipped,1,2,2004,Planes,72,S24_4278,"Australian Collectors, Co.",03 9520 4555,636 St Kilda Road,Level 3,Melbourne,Victoria,3004,Australia,APAC,Ferguson,Peter,Small
10235,40,81.13999939,4,3245.600098,2/4/2004,Shipped,2,4,2004,Planes,72,S24_4278,"Royal Canadian Collectables, Ltd.",(604) 555-4555,23 Tsawassen Blvd.,NULL,Tsawassen,BC,T2F 8M4,Canada,NA,Lincoln,Elizabeth,Medium
10250,37,74.62000275,5,2760.939941,11/5/2004,Shipped,2,5,2004,Planes,72,S24_4278,The Sharp Gifts Warehouse,4085553659,3086 Ingle Ln.,NULL,San Jose,CA,94217,USA,NA,Frick,Sue,Small
10263,24,75.34999847,11,1808.400024,28/6/04,Shipped,2,6,2004,Planes,72,S24_4278,Gift Depot Inc.,2035552570,25593 South Bay Ln.,NULL,Bridgewater,CT,97562,USA,NA,King,Julie,Small
10275,27,62.31000137,10,1682.369995,23/7/04,Shipped,3,7,2004,Planes,72,S24_4278,La Rochelle Gifts,40.67.8555,"67, rue des Cinquante Otages",NULL,Nantes,NULL,44000,France,EMEA,Labrune,Janine,Small
10284,21,71,2,1491,21/8/04,Shipped,3,8,2004,Planes,72,S24_4278,"Norway Gifts By Mail, Co.",+47 2212 1555,"Drammensveien 126 A, PB 744 Sentrum",NULL,Oslo,NULL,N 0106,Norway,EMEA,Klaeboe,Jan,Small
10297,23,72.44999695,5,1666.349976,16/9/04,Shipped,3,9,2004,Planes,72,S24_4278,"Clover Collections, Co.",+353 1862 1555,25 Maiden Lane,Floor No. 4,Dublin,NULL,2,Ireland,EMEA,Cassidy,Dean,Small
10308,44,83.31999969,8,3666.080078,15/10/04,Shipped,4,10,2004,Planes,72,S24_4278,Mini Classics,9145554562,3758 North Pendale Street,NULL,White Plains,NY,24067,USA,NA,Frick,Steve,Medium
10317,35,83.31999969,1,2916.199951,2/11/2004,Shipped,4,11,2004,Planes,72,S24_4278,Technics Stores Inc.,6505556809,9408 Furth Circle,NULL,Burlingame,CA,94217,USA,NA,Hirano,Juri,Small
10328,43,60.86000061,4,2616.97998,12/11/2004,Shipped,4,11,2004,Planes,72,S24_4278,Rovelli Gifts,035-640555,Via Ludovico il Moro 22,NULL,Bergamo,NULL,24100,Italy,EMEA,Rovelli,Giovanni,Small
10340,40,84.76999664,1,3390.800049,24/11/04,Shipped,4,11,2004,Planes,72,S24_4278,Enaco Distributors,(93) 203 4555,"Rambla de Catalu a, 23",NULL,Barcelona,NULL,8022,Spain,EMEA,Saavedra,Eduardo,Medium
10353,35,89.90000153,3,3146.5,4/12/2004,Shipped,4,12,2004,Planes,72,S24_4278,Gift Ideas Corp.,2035554407,2440 Pompton St.,NULL,Glendale,CT,97561,USA,NA,Lewis,Dan,Medium
10361,25,62.45999908,1,1561.5,17/12/04,Shipped,4,12,2004,Planes,72,S24_4278,Souveniers And Things Co.,+61 2 9495 8555,"Monitor Money Building, 815 Pacific Hwy",Level 6,Chatswood,NSW,2067,Australia,APAC,Huxley,Adrian,Small
10375,43,100,2,10039.59961,3/2/2005,Shipped,1,2,2005,Planes,72,S24_4278,La Rochelle Gifts,40.67.8555,"67, rue des Cinquante Otages",NULL,Nantes,NULL,44000,France,EMEA,Labrune,Janine,Large
10386,50,63.34000015,8,3167,1/3/2005,Resolved,1,3,2005,Planes,72,S24_4278,Euro Shopping Channel,(91) 555 94 44,"C/ Moralzarzal, 86",NULL,Madrid,NULL,28034,Spain,EMEA,Freyre,Diego,Medium
10398,45,78.25,14,3521.25,30/3/05,Shipped,1,3,2005,Planes,72,S24_4278,Reims Collectables,26.47.1555,59 rue de l'Abbaye,NULL,Reims,NULL,51100,France,EMEA,Henriot,Paul,Medium
10401,52,81.13999939,4,4219.279785,3/4/2005,On Hold,2,4,2005,Planes,72,S24_4278,Tekni Collectables Inc.,2015559350,7476 Moss Rd.,NULL,Newark,NJ,94019,USA,NA,Brown,William,Medium
10416,48,74.62000275,5,3581.76001,10/5/2005,Shipped,2,5,2005,Planes,72,S24_4278,L'ordine Souveniers,0522-556555,Strada Provinciale 124,NULL,Reggio Emilia,NULL,42100,Italy,EMEA,Moroni,Maurizio,Medium
10108,31,68.70999908,10,2130.01001,3/3/2003,Shipped,1,3,2003,Classic Cars,80,S24_4620,Cruz & Sons Co.,+63 2 555 3587,15 McCallum Street - NatWest Center #13-03,NULL,Makati City,NULL,1227 MM,Philippines,Japan,Cruz,Arnold,Small
10122,29,71.13999939,14,2063.060059,8/5/2003,Shipped,2,5,2003,Classic Cars,80,S24_4620,Marseille Mini Autos,91.24.4555,"12, rue des Bouchers",NULL,Marseille,NULL,13008,France,EMEA,Lebihan,Laurence,Small
10135,23,87.30999756,11,2008.130005,2/7/2003,Shipped,3,7,2003,Classic Cars,80,S24_4620,Mini Gifts Distributors Ltd.,4155551450,5677 Strong St.,NULL,San Rafael,CA,97562,USA,NA,Nelson,Valarie,Small
10147,31,64.66999817,11,2004.77002,5/9/2003,Shipped,3,9,2003,Classic Cars,80,S24_4620,Collectables For Less Inc.,6175558555,7825 Douglas Av.,NULL,Brickhaven,MA,58339,USA,NA,Nelson,Allen,Small
10159,23,67.09999847,6,1543.300049,10/10/2003,Shipped,4,10,2003,Classic Cars,80,S24_4620,Corporate Gift Ideas Co.,6505551386,7734 Strong St.,NULL,San Francisco,CA,NULL,USA,NA,Brown,Julie,Small
10169,24,94.58000183,6,2269.919922,4/11/2003,Shipped,4,11,2003,Classic Cars,80,S24_4620,"Anna's Decorations, Ltd",02 9936 8555,201 Miller Street,Level 15,North Sydney,NSW,2060,Australia,APAC,O'Hara,Anna,Small
10180,28,71.13999939,1,1991.920044,11/11/2003,Shipped,4,11,2003,Classic Cars,80,S24_4620,Daedalus Designs Imports,20.16.1555,"184, chausse de Tournai",NULL,Lille,NULL,59000,France,EMEA,Rance,Martine,Small
10191,44,66.29000092,7,2916.76001,20/11/03,Shipped,4,11,2003,Classic Cars,80,S24_4620,"Toms Spezialitten, Ltd",0221-5554327,Mehrheimerstr. 369,NULL,Koln,NULL,50739,Germany,EMEA,Pfalzheim,Henriette,Small
10211,22,92.16000366,6,2027.52002,15/1/04,Shipped,1,1,2004,Classic Cars,80,S24_4620,Auto Canal Petit,(1) 47.55.6555,"25, rue Lauriston",NULL,Paris,NULL,75016,France,EMEA,Perrier,Dominique,Small
10225,46,70.33000183,13,3235.179932,22/2/04,Shipped,1,2,2004,Classic Cars,80,S24_4620,"Vida Sport, Ltd",0897-034555,Grenzacherweg 237,NULL,Gensve,NULL,1203,Switzerland,EMEA,Holz,Michael,Medium
10238,22,93.76999664,7,2062.939941,9/4/2004,Shipped,2,4,2004,Classic Cars,80,S24_4620,Danish Wholesale Imports,31 12 3555,Vinb'ltet 34,NULL,Kobenhavn,NULL,1734,Denmark,EMEA,Petersen,Jytte,Small
10252,38,87.30999756,3,3317.780029,26/5/04,Shipped,2,5,2004,Classic Cars,80,S24_4620,Auto Canal Petit,(1) 47.55.6555,"25, rue Lauriston",NULL,Paris,NULL,75016,France,EMEA,Perrier,Dominique,Medium
10264,47,83.26999664,1,3913.689941,30/6/04,Shipped,2,6,2004,Classic Cars,80,S24_4620,Gifts4AllAges.com,6175559555,8616 Spinnaker Dr.,NULL,Boston,MA,51003,USA,NA,Yoshido,Juri,Medium
10276,48,75.18000031,7,3608.639893,2/8/2004,Shipped,3,8,2004,Classic Cars,80,S24_4620,Online Mini Collectables,6175557555,7635 Spinnaker Dr.,NULL,Brickhaven,MA,58339,USA,NA,Barajas,Miguel,Medium
10287,40,88.12000275,16,3524.800049,30/8/04,Shipped,3,8,2004,Classic Cars,80,S24_4620,"Vida Sport, Ltd",0897-034555,Grenzacherweg 237,NULL,Gensve,NULL,1203,Switzerland,EMEA,Holz,Michael,Medium
10299,32,80.83999634,1,2586.879883,30/9/04,Shipped,3,9,2004,Classic Cars,80,S24_4620,"Toys of Finland, Co.",90-224 8555,Keskuskatu 45,NULL,Helsinki,NULL,21240,Finland,EMEA,Karttunen,Matti,Small
10310,49,97.01000214,14,4753.490234,16/10/04,Shipped,4,10,2004,Classic Cars,80,S24_4620,"Toms Spezialitten, Ltd",0221-5554327,Mehrheimerstr. 369,NULL,Koln,NULL,50739,Germany,EMEA,Pfalzheim,Henriette,Medium
10319,43,85.69000244,2,3684.669922,3/11/2004,Shipped,4,11,2004,Classic Cars,80,S24_4620,Microscale Inc.,2125551957,5290 North Pendale Street,Suite 200,NYC,NY,10022,USA,NA,Kuo,Kee,Medium
10331,41,100,2,5715.399902,17/11/04,Shipped,4,11,2004,Classic Cars,80,S24_4620,Motor Mint Distributors Inc.,2155559857,11328 Douglas Av.,NULL,Philadelphia,PA,71270,USA,NA,Hernandez,Rosa,Medium
10343,30,100,1,3098.699951,24/11/04,Shipped,4,11,2004,Classic Cars,80,S24_4620,Reims Collectables,26.47.1555,59 rue de l'Abbaye,NULL,Reims,NULL,51100,France,EMEA,Henriot,Paul,Medium
10355,28,95.38999939,9,2670.919922,7/12/2004,Shipped,4,12,2004,Classic Cars,80,S24_4620,Euro Shopping Channel,(91) 555 94 44,"C/ Moralzarzal, 86",NULL,Madrid,NULL,28034,Spain,EMEA,Freyre,Diego,Small
10363,43,100,9,5154.410156,6/1/2005,Shipped,1,1,2005,Classic Cars,80,S24_4620,Suominen Souveniers,+358 9 8045 555,"Software Engineering Center, SEC Oy",NULL,Espoo,NULL,FIN-02271,Finland,EMEA,Suominen,Kalle,Medium
10378,41,100,2,4894.169922,10/2/2005,Shipped,1,2,2005,Classic Cars,80,S24_4620,Euro Shopping Channel,(91) 555 94 44,"C/ Moralzarzal, 86",NULL,Madrid,NULL,28034,Spain,EMEA,Freyre,Diego,Medium
10390,30,82.41999817,10,2472.600098,4/3/2005,Shipped,1,3,2005,Classic Cars,80,S24_4620,Mini Gifts Distributors Ltd.,4155551450,5677 Strong St.,NULL,San Rafael,CA,97562,USA,NA,Nelson,Valarie,Small
10103,31,100,3,3224.310059,29/1/03,Shipped,1,1,2003,Trucks and Buses,96,S32_1268,Baane Mini Imports,07-98 9555,Erling Skakkes gate 78,NULL,Stavern,NULL,4110,Norway,EMEA,Bergulfsen,Jonas,Medium
10114,32,100,7,3667.52002,1/4/2003,Shipped,2,4,2003,Trucks and Buses,96,S32_1268,"La Corne D'abondance, Co.",(1) 42.34.2555,"265, boulevard Charonne",NULL,Paris,NULL,75012,France,EMEA,Bertrand,Marie,Medium
10126,43,96.30999756,3,4141.330078,28/5/03,Shipped,2,5,2003,Trucks and Buses,96,S32_1268,"Corrida Auto Replicas, Ltd",(91) 555 22 82,"C/ Araquil, 67",NULL,Madrid,NULL,28023,Spain,EMEA,Sommer,Mart n,Medium
10140,26,100,3,2829.580078,24/7/03,Shipped,3,7,2003,Trucks and Buses,96,S32_1268,Technics Stores Inc.,6505556809,9408 Furth Circle,NULL,Burlingame,CA,94217,USA,NA,Hirano,Juri,Small
10151,27,100,10,3068.550049,21/9/03,Shipped,3,9,2003,Trucks and Buses,96,S32_1268,"Oulu Toy Supplies, Inc.",981-443655,Torikatu 38,NULL,Oulu,NULL,90110,Finland,EMEA,Koskitalo,Pirkko,Medium
10164,24,100,1,2634.959961,21/10/03,Resolved,4,10,2003,Trucks and Buses,96,S32_1268,Mini Auto Werke,7675-3555,Kirchgasse 6,NULL,Graz,NULL,8010,Austria,EMEA,Mendel,Roland,Small
10175,22,100,8,2436.719971,6/11/2003,Shipped,4,11,2003,Trucks and Buses,96,S32_1268,"Stylish Desk Decors, Co.",(171) 555-0297,35 King George,NULL,London,NULL,WX3 6FW,UK,EMEA,Brown,Ann,Small
10184,46,100,13,4607.359863,14/11/03,Shipped,4,11,2003,Trucks and Buses,96,S32_1268,"Iberia Gift Imports, Corp.",(95) 555 82 82,"C/ Romero, 33",NULL,Sevilla,NULL,41101,Spain,EMEA,Roel,Jose Pedro,Medium
10194,37,97.26999664,3,3598.98999,25/11/03,Shipped,4,11,2003,Trucks and Buses,96,S32_1268,"Saveley & Henriot, Co.",78.32.5555,"2, rue du Commerce",NULL,Lyon,NULL,69004,France,EMEA,Saveley,Mary,Medium
10207,49,80.90000153,14,3964.100098,9/12/2003,Shipped,4,12,2003,Trucks and Buses,96,S32_1268,Diecast Collectables,6175552555,6251 Ingle Ln.,NULL,Boston,MA,51003,USA,NA,Franco,Valarie,Medium
10217,21,100,3,2244.899902,4/2/2004,Shipped,1,2,2004,Trucks and Buses,96,S32_1268,Handji Gifts& Co,+65 224 1555,Village Close - 106 Linden Road Sandown,2nd Floor,Singapore,NULL,69045,Singapore,APAC,Victorino,Wendy,Small
10229,25,100,8,2793,11/3/2004,Shipped,1,3,2004,Trucks and Buses,96,S32_1268,Mini Gifts Distributors Ltd.,4155551450,5677 Strong St.,NULL,San Rafael,CA,97562,USA,NA,Nelson,Valarie,Small
10245,37,100,1,4133.640137,4/5/2004,Shipped,2,5,2004,Trucks and Buses,96,S32_1268,Super Scale Inc.,2035559545,567 North Pendale Street,NULL,New Haven,CT,97823,USA,NA,Murphy,Leslie,Medium
10259,45,86.68000031,11,3900.600098,15/6/04,Shipped,2,6,2004,Trucks and Buses,96,S32_1268,Handji Gifts& Co,+65 224 1555,Village Close - 106 Linden Road Sandown,2nd Floor,Singapore,NULL,69045,Singapore,APAC,Victorino,Wendy,Medium
10270,32,85.72000122,1,2743.040039,19/7/04,Shipped,3,7,2004,Trucks and Buses,96,S32_1268,Souveniers And Things Co.,+61 2 9495 8555,"Monitor Money Building, 815 Pacific Hwy",Level 6,Chatswood,NSW,2067,Australia,APAC,Huxley,Adrian,Small
10281,29,82.83000183,8,2402.070068,19/8/04,Shipped,3,8,2004,Trucks and Buses,96,S32_1268,Diecast Classics Inc.,2155551555,7586 Pompton St.,NULL,Allentown,PA,70267,USA,NA,Yu,Kyung,Small
10291,26,83.79000092,3,2178.540039,8/9/2004,Shipped,3,9,2004,Trucks and Buses,96,S32_1268,Scandinavian Gift Ideas,0695-34 6555,?kergatan 24,NULL,Boras,NULL,S-844 67,Sweden,EMEA,Larsson,Maria,Small
10305,28,100,12,3155.040039,13/10/04,Shipped,4,10,2004,Trucks and Buses,96,S32_1268,Marta's Replicas Co.,6175558555,39323 Spinnaker Dr.,NULL,Cambridge,MA,51247,USA,NA,Hernandez,Marta,Medium
10313,27,87.63999939,6,2366.280029,22/10/04,Shipped,4,10,2004,Trucks and Buses,96,S32_1268,Canadian Gift Exchange Network,(604) 555-3392,1900 Oak St.,NULL,Vancouver,BC,V3F 2K1,Canada,NA,Tannamuri,Yoshi,Small
10324,20,98.18000031,11,1963.599976,5/11/2004,Shipped,4,11,2004,Trucks and Buses,96,S32_1268,Vitachrome Inc.,2125551500,2678 Kingston Rd.,Suite 101,NYC,NY,10022,USA,NA,Frick,Michael,Small
10335,44,100,1,4746.279785,19/11/04,Shipped,4,11,2004,Trucks and Buses,96,S32_1268,Mini Gifts Distributors Ltd.,4155551450,5677 Strong St.,NULL,San Rafael,CA,97562,USA,NA,Nelson,Valarie,Medium
10348,42,100,3,6386.939941,1/11/2004,Shipped,4,11,2004,Trucks and Buses,96,S32_1268,"Corrida Auto Replicas, Ltd",(91) 555 22 82,"C/ Araquil, 67",NULL,Madrid,NULL,28023,Spain,EMEA,Sommer,Mart n,Medium
10358,41,100,1,4428,10/12/2004,Shipped,4,12,2004,Trucks and Buses,96,S32_1268,Euro Shopping Channel,(91) 555 94 44,"C/ Moralzarzal, 86",NULL,Madrid,NULL,28034,Spain,EMEA,Freyre,Diego,Medium
10371,26,100,1,4044.040039,23/1/05,Shipped,1,1,2005,Trucks and Buses,96,S32_1268,Mini Gifts Distributors Ltd.,4155551450,5677 Strong St.,NULL,San Rafael,CA,97562,USA,NA,Nelson,Valarie,Medium
10382,26,100,6,2708.419922,17/2/05,Shipped,1,2,2005,Trucks and Buses,96,S32_1268,Mini Gifts Distributors Ltd.,4155551450,5677 Strong St.,NULL,San Rafael,CA,97562,USA,NA,Nelson,Valarie,Small
10411,26,100,1,2904.719971,1/5/2005,Shipped,2,5,2005,Trucks and Buses,96,S32_1268,Quebec Home Shopping Network,(514) 555-8054,43 rue St. Laurent,NULL,Montreal,Quebec,H1J 1C3,Canada,NA,Fresnisre,Jean,Small
10425,41,86.68000031,11,3553.879883,31/5/05,In Process,2,5,2005,Trucks and Buses,96,S32_1268,La Rochelle Gifts,40.67.8555,"67, rue des Cinquante Otages",NULL,Nantes,NULL,44000,France,EMEA,Labrune,Janine,Medium
10107,20,92.90000153,8,1858,24/2/03,Shipped,1,2,2003,Motorcycles,99,S32_1374,Land of Toys Inc.,2125557818,897 Long Airport Avenue,NULL,NYC,NY,10022,USA,NA,Yu,Kwai,Small
10120,22,100,6,2461.360107,29/4/03,Shipped,2,4,2003,Motorcycles,99,S32_1374,"Australian Collectors, Co.",03 9520 4555,636 St Kilda Road,Level 3,Melbourne,Victoria,3004,Australia,APAC,Ferguson,Peter,Small
10133,23,100,1,2642.01001,27/6/03,Shipped,2,6,2003,Motorcycles,99,S32_1374,Euro Shopping Channel,(91) 555 94 44,"C/ Moralzarzal, 86",NULL,Madrid,NULL,28034,Spain,EMEA,Freyre,Diego,Small
10145,33,93.90000153,12,3098.699951,25/8/03,Shipped,3,8,2003,Motorcycles,99,S32_1374,Toys4GrownUps.com,6265557265,78934 Hillside Dr.,NULL,Pasadena,CA,90003,USA,NA,Young,Julie,Medium
10168,28,100,7,3244.360107,28/10/03,Shipped,4,10,2003,Motorcycles,99,S32_1374,Technics Stores Inc.,6505556809,9408 Furth Circle,NULL,Burlingame,CA,94217,USA,NA,Hirano,Juri,Medium
10188,44,98.88999939,7,4351.160156,18/11/03,Shipped,4,11,2003,Motorcycles,99,S32_1374,Herkku Gifts,+47 2267 3215,"Drammen 121, PR 744 Sentrum",NULL,Bergen,NULL,N 5804,Norway,EMEA,Oeztan,Veysel,Medium
10210,46,79.91000366,5,3675.860107,12/1/2004,Shipped,1,1,2004,Motorcycles,99,S32_1374,Osaka Souveniers Co.,+81 06 6342 5555,"Dojima Avanza 4F, 1-6-20 Dojima, Kita-ku",NULL,Osaka,Osaka,530-0003,Japan,Japan,Kentary,Mory,Medium
10223,21,100,7,2475.27002,20/2/04,Shipped,1,2,2004,Motorcycles,99,S32_1374,"Australian Collectors, Co.",03 9520 4555,636 St Kilda Road,Level 3,Melbourne,Victoria,3004,Australia,APAC,Ferguson,Peter,Small
10235,41,100,1,4177.490234,2/4/2004,Shipped,2,4,2004,Motorcycles,99,S32_1374,"Royal Canadian Collectables, Ltd.",(604) 555-4555,23 Tsawassen Blvd.,NULL,Tsawassen,BC,T2F 8M4,Canada,NA,Lincoln,Elizabeth,Medium
10250,31,100,2,3282.280029,11/5/2004,Shipped,2,5,2004,Motorcycles,99,S32_1374,The Sharp Gifts Warehouse,4085553659,3086 Ingle Ln.,NULL,San Jose,CA,94217,USA,NA,Frick,Sue,Medium
10263,31,79.91000366,8,2477.209961,28/6/04,Shipped,2,6,2004,Motorcycles,99,S32_1374,Gift Depot Inc.,2035552570,25593 South Bay Ln.,NULL,Bridgewater,CT,97562,USA,NA,King,Julie,Small
10275,23,81.91000366,7,1883.930054,23/7/04,Shipped,3,7,2004,Motorcycles,99,S32_1374,La Rochelle Gifts,40.67.8555,"67, rue des Cinquante Otages",NULL,Nantes,NULL,44000,France,EMEA,Labrune,Janine,Small
10285,37,98.88999939,12,3658.929932,27/8/04,Shipped,3,8,2004,Motorcycles,99,S32_1374,Marta's Replicas Co.,6175558555,39323 Spinnaker Dr.,NULL,Cambridge,MA,51247,USA,NA,Hernandez,Marta,Medium
10297,26,100,2,2856.879883,16/9/04,Shipped,3,9,2004,Motorcycles,99,S32_1374,"Clover Collections, Co.",+353 1862 1555,25 Maiden Lane,Floor No. 4,Dublin,NULL,2,Ireland,EMEA,Cassidy,Dean,Small
10308,24,79.91000366,5,1917.839966,15/10/04,Shipped,4,10,2004,Motorcycles,99,S32_1374,Mini Classics,9145554562,3758 North Pendale Street,NULL,White Plains,NY,24067,USA,NA,Frick,Steve,Small
10318,47,100,7,5305.359863,2/11/2004,Shipped,4,11,2004,Motorcycles,99,S32_1374,Diecast Classics Inc.,2155551555,7586 Pompton St.,NULL,Allentown,PA,70267,USA,NA,Yu,Kyung,Medium
10329,45,63.90999985,11,2875.949951,15/11/04,Shipped,4,11,2004,Motorcycles,99,S32_1374,Land of Toys Inc.,2125557818,897 Long Airport Avenue,NULL,NYC,NY,10022,USA,NA,Yu,Kwai,Small
10340,55,100,2,6482.850098,24/11/04,Shipped,4,11,2004,Motorcycles,99,S32_1374,Enaco Distributors,(93) 203 4555,"Rambla de Catalu a, 23",NULL,Barcelona,NULL,8022,Spain,EMEA,Saavedra,Eduardo,Medium
10353,46,81.16999817,5,3733.820068,4/12/2004,Shipped,4,12,2004,Motorcycles,99,S32_1374,Gift Ideas Corp.,2035554407,2440 Pompton St.,NULL,Glendale,CT,97561,USA,NA,Lewis,Dan,Medium
10363,50,100,2,6576.5,6/1/2005,Shipped,1,1,2005,Motorcycles,99,S32_1374,Suominen Souveniers,+358 9 8045 555,"Software Engineering Center, SEC Oy",NULL,Espoo,NULL,FIN-02271,Finland,EMEA,Suominen,Kalle,Medium
10375,37,100,3,6353.27002,3/2/2005,Shipped,1,2,2005,Motorcycles,99,S32_1374,La Rochelle Gifts,40.67.8555,"67, rue des Cinquante Otages",NULL,Nantes,NULL,44000,France,EMEA,Labrune,Janine,Medium
10387,44,94.90000153,1,4175.600098,2/3/2005,Shipped,1,3,2005,Motorcycles,99,S32_1374,"Dragon Souveniers, Ltd.",+65 221 7555,"Bronz Sok., Bronz Apt. 3/6 Tesvikiye",NULL,Singapore,NULL,79903,Singapore,Japan,Natividad,Eric,Medium
10401,49,100,1,4992.609863,3/4/2005,On Hold,2,4,2005,Motorcycles,99,S32_1374,Tekni Collectables Inc.,2015559350,7476 Moss Rd.,NULL,Newark,NJ,94019,USA,NA,Brown,William,Medium
10416,45,100,2,4764.600098,10/5/2005,Shipped,2,5,2005,Motorcycles,99,S32_1374,L'ordine Souveniers,0522-556555,Strada Provinciale 124,NULL,Reggio Emilia,NULL,42100,Italy,EMEA,Moroni,Maurizio,Medium
10108,27,43.45000076,13,1173.150024,3/3/2003,Shipped,1,3,2003,Motorcycles,40,S32_2206,Cruz & Sons Co.,+63 2 555 3587,15 McCallum Street - NatWest Center #13-03,NULL,Makati City,NULL,1227 MM,Philippines,Japan,Cruz,Arnold,Small
10122,31,44.65999985,17,1384.459961,8/5/2003,Shipped,2,5,2003,Motorcycles,40,S32_2206,Marseille Mini Autos,91.24.4555,"12, rue des Bouchers",NULL,Marseille,NULL,13008,France,EMEA,Lebihan,Laurence,Small
10135,33,40.22999954,14,1327.589966,2/7/2003,Shipped,3,7,2003,Motorcycles,40,S32_2206,Mini Gifts Distributors Ltd.,4155551450,5677 Strong St.,NULL,San Rafael,CA,97562,USA,NA,Nelson,Valarie,Small
10145,31,35.79999924,1,1109.800049,25/8/03,Shipped,3,8,2003,Motorcycles,40,S32_2206,Toys4GrownUps.com,6265557265,78934 Hillside Dr.,NULL,Pasadena,CA,90003,USA,NA,Young,Julie,Small
10159,35,35.40000153,9,1239,10/10/2003,Shipped,4,10,2003,Motorcycles,40,S32_2206,Corporate Gift Ideas Co.,6505551386,7734 Strong St.,NULL,San Francisco,CA,NULL,USA,NA,Brown,Julie,Small
10169,26,39.83000183,9,1035.579956,4/11/2003,Shipped,4,11,2003,Motorcycles,40,S32_2206,"Anna's Decorations, Ltd",02 9936 8555,201 Miller Street,Level 15,North Sydney,NSW,2060,Australia,APAC,O'Hara,Anna,Small
10180,34,45.45999908,4,1545.640015,11/11/2003,Shipped,4,11,2003,Motorcycles,40,S32_2206,Daedalus Designs Imports,20.16.1555,"184, chausse de Tournai",NULL,Lille,NULL,59000,France,EMEA,Rance,Martine,Small
10190,46,32.99000168,1,1517.540039,19/11/03,Shipped,4,11,2003,Motorcycles,40,S32_2206,Euro Shopping Channel,(91) 555 94 44,"C/ Moralzarzal, 86",NULL,Madrid,NULL,28034,Spain,EMEA,Freyre,Diego,Small
10211,41,42.24000168,9,1731.839966,15/1/04,Shipped,1,1,2004,Motorcycles,40,S32_2206,Auto Canal Petit,(1) 47.55.6555,"25, rue Lauriston",NULL,Paris,NULL,75016,France,EMEA,Perrier,Dominique,Small
10224,43,39.43000031,2,1695.48999,21/2/04,Shipped,1,2,2004,Motorcycles,40,S32_2206,Daedalus Designs Imports,20.16.1555,"184, chausse de Tournai",NULL,Lille,NULL,59000,France,EMEA,Rance,Martine,Small
10237,26,40.22999954,2,1045.97998,5/4/2004,Shipped,2,4,2004,Motorcycles,40,S32_2206,Vitachrome Inc.,2125551500,2678 Kingston Rd.,Suite 101,NYC,NY,10022,USA,NA,Frick,Michael,Small
10252,36,48.27999878,6,1738.079956,26/5/04,Shipped,2,5,2004,Motorcycles,40,S32_2206,Auto Canal Petit,(1) 47.55.6555,"25, rue Lauriston",NULL,Paris,NULL,75016,France,EMEA,Perrier,Dominique,Small
10264,20,32.59000015,4,651.7999878,30/6/04,Shipped,2,6,2004,Motorcycles,40,S32_2206,Gifts4AllAges.com,6175559555,8616 Spinnaker Dr.,NULL,Boston,MA,51003,USA,NA,Yoshido,Juri,Small
10276,27,36.61000061,10,988.4699707,2/8/2004,Shipped,3,8,2004,Motorcycles,40,S32_2206,Online Mini Collectables,6175557555,7635 Spinnaker Dr.,NULL,Brickhaven,MA,58339,USA,NA,Barajas,Miguel,Small
10285,37,41.02999878,1,1518.109985,27/8/04,Shipped,3,8,2004,Motorcycles,40,S32_2206,Marta's Replicas Co.,6175558555,39323 Spinnaker Dr.,NULL,Cambridge,MA,51247,USA,NA,Hernandez,Marta,Small
10299,24,42.24000168,4,1013.76001,30/9/04,Shipped,3,9,2004,Motorcycles,40,S32_2206,"Toys of Finland, Co.",90-224 8555,Keskuskatu 45,NULL,Helsinki,NULL,21240,Finland,EMEA,Karttunen,Matti,Small
10310,36,43.04999924,17,1549.800049,16/10/04,Shipped,4,10,2004,Motorcycles,40,S32_2206,"Toms Spezialitten, Ltd",0221-5554327,Mehrheimerstr. 369,NULL,Koln,NULL,50739,Germany,EMEA,Pfalzheim,Henriette,Small
10319,29,38.22000122,5,1108.380005,3/11/2004,Shipped,4,11,2004,Motorcycles,40,S32_2206,Microscale Inc.,2125551957,5290 North Pendale Street,Suite 200,NYC,NY,10022,USA,NA,Kuo,Kee,Small
10331,28,100,3,4102.560059,17/11/04,Shipped,4,11,2004,Motorcycles,40,S32_2206,Motor Mint Distributors Inc.,2155559857,11328 Douglas Av.,NULL,Philadelphia,PA,71270,USA,NA,Hernandez,Rosa,Medium
10343,29,100,5,3713.159912,24/11/04,Shipped,4,11,2004,Motorcycles,40,S32_2206,Reims Collectables,26.47.1555,59 rue de l'Abbaye,NULL,Reims,NULL,51100,France,EMEA,Henriot,Paul,Medium
10355,38,39.83000183,10,1513.540039,7/12/2004,Shipped,4,12,2004,Motorcycles,40,S32_2206,Euro Shopping Channel,(91) 555 94 44,"C/ Moralzarzal, 86",NULL,Madrid,NULL,28034,Spain,EMEA,Freyre,Diego,Small
10364,48,48.27999878,1,2317.439941,6/1/2005,Shipped,1,1,2005,Motorcycles,40,S32_2206,Marseille Mini Autos,91.24.4555,"12, rue des Bouchers",NULL,Marseille,NULL,13008,France,EMEA,Lebihan,Laurence,Small
10378,40,82.45999908,1,3298.399902,10/2/2005,Shipped,1,2,2005,Motorcycles,40,S32_2206,Euro Shopping Channel,(91) 555 94 44,"C/ Moralzarzal, 86",NULL,Madrid,NULL,28034,Spain,EMEA,Freyre,Diego,Medium
10390,41,44.56000137,11,1826.959961,4/3/2005,Shipped,1,3,2005,Motorcycles,40,S32_2206,Mini Gifts Distributors Ltd.,4155551450,5677 Strong St.,NULL,San Rafael,CA,97562,USA,NA,Nelson,Valarie,Small
10403,30,40.22999954,2,1206.900024,8/4/2005,Shipped,2,4,2005,Motorcycles,40,S32_2206,"UK Collectables, Ltd.",(171) 555-2282,Berkeley Gardens 12  Brewery,NULL,Liverpool,NULL,WX1 6LT,UK,EMEA,Devon,Elizabeth,Small
10104,35,47.61999893,11,1666.699951,31/1/03,Shipped,1,1,2003,Trucks and Buses,54,S32_2509,Euro Shopping Channel,(91) 555 94 44,"C/ Moralzarzal, 86",NULL,Madrid,NULL,28034,Spain,EMEA,Freyre,Diego,Small
10114,28,55.72999954,2,1560.439941,1/4/2003,Shipped,2,4,2003,Trucks and Buses,54,S32_2509,"La Corne D'abondance, Co.",(1) 42.34.2555,"265, boulevard Charonne",NULL,Paris,NULL,75012,France,EMEA,Bertrand,Marie,Small
10127,45,51.95000076,13,2337.75,3/6/2003,Shipped,2,6,2003,Trucks and Buses,54,S32_2509,Muscle Machine Inc,2125557413,4092 Furth Circle,Suite 400,NYC,NY,10022,USA,NA,Young,Jeff,Small
10141,24,45.99000168,7,1103.76001,1/8/2003,Shipped,3,8,2003,Trucks and Buses,54,S32_2509,Suominen Souveniers,+358 9 8045 555,"Software Engineering Center, SEC Oy",NULL,Espoo,NULL,FIN-02271,Finland,EMEA,Suominen,Kalle,Small
10151,41,63.84999847,5,2617.850098,21/9/03,Shipped,3,9,2003,Trucks and Buses,54,S32_2509,"Oulu Toy Supplies, Inc.",981-443655,Torikatu 38,NULL,Oulu,NULL,90110,Finland,EMEA,Koskitalo,Pirkko,Small
10165,48,45.99000168,14,2207.52002,22/10/03,Shipped,4,10,2003,Trucks and Buses,54,S32_2509,"Dragon Souveniers, Ltd.",+65 221 7555,"Bronz Sok., Bronz Apt. 3/6 Tesvikiye",NULL,Singapore,NULL,79903,Singapore,Japan,Natividad,Eric,Small
10175,50,63.31000137,3,3165.5,6/11/2003,Shipped,4,11,2003,Trucks and Buses,54,S32_2509,"Stylish Desk Decors, Co.",(171) 555-0297,35 King George,NULL,London,NULL,WX3 6FW,UK,EMEA,Brown,Ann,Medium
10184,33,62.77000046,8,2071.409912,14/11/03,Shipped,4,11,2003,Trucks and Buses,54,S32_2509,"Iberia Gift Imports, Corp.",(95) 555 82 82,"C/ Romero, 33",NULL,Sevilla,NULL,41101,Spain,EMEA,Roel,Jose Pedro,Small
10195,32,43.29000092,8,1385.280029,25/11/03,Shipped,4,11,2003,Trucks and Buses,54,S32_2509,Mini Classics,9145554562,3758 North Pendale Street,NULL,White Plains,NY,24067,USA,NA,Frick,Steve,Small
10207,27,60.06000137,9,1621.619995,9/12/2003,Shipped,4,12,2003,Trucks and Buses,54,S32_2509,Diecast Collectables,6175552555,6251 Ingle Ln.,NULL,Boston,MA,51003,USA,NA,Franco,Valarie,Small
10219,35,55.18999863,4,1931.650024,10/2/2004,Shipped,1,2,2004,Trucks and Buses,54,S32_2509,Signal Collectibles Ltd.,4155554312,2793 Furth Circle,NULL,Brisbane,CA,94217,USA,NA,Taylor,Sue,Small
10229,23,54.11000061,3,1244.530029,11/3/2004,Shipped,1,3,2004,Trucks and Buses,54,S32_2509,Mini Gifts Distributors Ltd.,4155551450,5677 Strong St.,NULL,San Rafael,CA,97562,USA,NA,Nelson,Valarie,Small
10246,35,48.70000076,7,1704.5,5/5/2004,Shipped,2,5,2004,Trucks and Buses,54,S32_2509,Euro Shopping Channel,(91) 555 94 44,"C/ Moralzarzal, 86",NULL,Madrid,NULL,28034,Spain,EMEA,Freyre,Diego,Small
10259,40,43.83000183,6,1753.199951,15/6/04,Shipped,2,6,2004,Trucks and Buses,54,S32_2509,Handji Gifts& Co,+65 224 1555,Village Close - 106 Linden Road Sandown,2nd Floor,Singapore,NULL,69045,Singapore,APAC,Victorino,Wendy,Small
10271,35,47.61999893,7,1666.699951,20/7/04,Shipped,3,7,2004,Trucks and Buses,54,S32_2509,Mini Gifts Distributors Ltd.,4155551450,5677 Strong St.,NULL,San Rafael,CA,97562,USA,NA,Nelson,Valarie,Small
10281,31,55.18999863,3,1710.890015,19/8/04,Shipped,3,8,2004,Trucks and Buses,54,S32_2509,Diecast Classics Inc.,2155551555,7586 Pompton St.,NULL,Allentown,PA,70267,USA,NA,Yu,Kyung,Small
10292,50,46.52999878,10,2326.5,8/9/2004,Shipped,3,9,2004,Trucks and Buses,54,S32_2509,Land of Toys Inc.,2125557818,897 Long Airport Avenue,NULL,NYC,NY,10022,USA,NA,Yu,Kwai,Small
10305,40,57.90000153,7,2316,13/10/04,Shipped,4,10,2004,Trucks and Buses,54,S32_2509,Marta's Replicas Co.,6175558555,39323 Spinnaker Dr.,NULL,Cambridge,MA,51247,USA,NA,Hernandez,Marta,Small
10313,38,45.45000076,1,1727.099976,22/10/04,Shipped,4,10,2004,Trucks and Buses,54,S32_2509,Canadian Gift Exchange Network,(604) 555-3392,1900 Oak St.,NULL,Vancouver,BC,V3F 2K1,Canada,NA,Tannamuri,Yoshi,Small
10325,38,100,3,8844.120117,5/11/2004,Shipped,4,11,2004,Trucks and Buses,54,S32_2509,Baane Mini Imports,07-98 9555,Erling Skakkes gate 78,NULL,Stavern,NULL,4110,Norway,EMEA,Bergulfsen,Jonas,Large
10335,40,60.59999847,3,2424,19/11/04,Shipped,4,11,2004,Trucks and Buses,54,S32_2509,Mini Gifts Distributors Ltd.,4155551450,5677 Strong St.,NULL,San Rafael,CA,97562,USA,NA,Nelson,Valarie,Small
10349,33,46.52999878,1,1535.48999,1/12/2004,Shipped,4,12,2004,Trucks and Buses,54,S32_2509,Muscle Machine Inc,2125557413,4092 Furth Circle,Suite 400,NYC,NY,10022,USA,NA,Young,Jeff,Small
10359,36,100,3,6358.680176,15/12/04,Shipped,4,12,2004,Trucks and Buses,54,S32_2509,Reims Collectables,26.47.1555,59 rue de l'Abbaye,NULL,Reims,NULL,51100,France,EMEA,Henriot,Paul,Medium
10371,20,66.47000122,2,1329.400024,23/1/05,Shipped,1,1,2005,Trucks and Buses,54,S32_2509,Mini Gifts Distributors Ltd.,4155551450,5677 Strong St.,NULL,San Rafael,CA,97562,USA,NA,Nelson,Valarie,Small
10383,32,53.18000031,5,1701.76001,22/2/05,Shipped,1,2,2005,Trucks and Buses,54,S32_2509,Euro Shopping Channel,(91) 555 94 44,"C/ Moralzarzal, 86",NULL,Madrid,NULL,28034,Spain,EMEA,Freyre,Diego,Small
10394,36,62.77000046,3,2259.719971,15/3/05,Shipped,1,3,2005,Trucks and Buses,54,S32_2509,Euro Shopping Channel,(91) 555 94 44,"C/ Moralzarzal, 86",NULL,Madrid,NULL,28034,Spain,EMEA,Freyre,Diego,Small
10412,19,48.70000076,7,925.2999878,3/5/2005,Shipped,2,5,2005,Trucks and Buses,54,S32_2509,Euro Shopping Channel,(91) 555 94 44,"C/ Moralzarzal, 86",NULL,Madrid,NULL,28034,Spain,EMEA,Freyre,Diego,Small
10425,11,43.83000183,6,482.1300049,31/5/05,In Process,2,5,2005,Trucks and Buses,54,S32_2509,La Rochelle Gifts,40.67.8555,"67, rue des Cinquante Otages",NULL,Nantes,NULL,44000,France,EMEA,Labrune,Janine,Small
10104,49,65.87000275,4,3227.629883,31/1/03,Shipped,1,1,2003,Trains,62,S32_3207,Euro Shopping Channel,(91) 555 94 44,"C/ Moralzarzal, 86",NULL,Madrid,NULL,28034,Spain,EMEA,Freyre,Diego,Medium
10116,27,63.38000107,1,1711.26001,11/4/2003,Shipped,2,4,2003,Trains,62,S32_3207,Royale Belge,(071) 23 67 2555,"Boulevard Tirou, 255",NULL,Charleroi,NULL,B-6000,Belgium,EMEA,Cartrain,Pascale,Small
10127,29,70.83999634,6,2054.360107,3/6/2003,Shipped,2,6,2003,Trains,62,S32_3207,Muscle Machine Inc,2125557413,4092 Furth Circle,Suite 400,NYC,NY,10022,USA,NA,Young,Jeff,Small
10142,42,74.56999969,16,3131.939941,8/8/2003,Shipped,3,8,2003,Trains,62,S32_3207,Mini Gifts Distributors Ltd.,4155551450,5677 Strong St.,NULL,San Rafael,CA,97562,USA,NA,Nelson,Valarie,Medium
10152,33,50.95000076,2,1681.349976,25/9/03,Shipped,3,9,2003,Trains,62,S32_3207,"Australian Gift Network, Co",61-7-3844-6555,31 Duncan St. West End,NULL,South Brisbane,Queensland,4101,Australia,APAC,Calaghan,Tony,Small
10165,44,53.43999863,7,2351.360107,22/10/03,Shipped,4,10,2003,Trains,62,S32_3207,"Dragon Souveniers, Ltd.",+65 221 7555,"Bronz Sok., Bronz Apt. 3/6 Tesvikiye",NULL,Singapore,NULL,79903,Singapore,Japan,Natividad,Eric,Small
10176,22,64,6,1408,6/11/2003,Shipped,4,11,2003,Trains,62,S32_3207,L'ordine Souveniers,0522-556555,Strada Provinciale 124,NULL,Reggio Emilia,NULL,42100,Italy,EMEA,Moroni,Maurizio,Small
10184,48,50.95000076,1,2445.600098,14/11/03,Shipped,4,11,2003,Trains,62,S32_3207,"Iberia Gift Imports, Corp.",(95) 555 82 82,"C/ Romero, 33",NULL,Sevilla,NULL,41101,Spain,EMEA,Roel,Jose Pedro,Small
10195,33,54.68000031,1,1804.439941,25/11/03,Shipped,4,11,2003,Trains,62,S32_3207,Mini Classics,9145554562,3758 North Pendale Street,NULL,White Plains,NY,24067,USA,NA,Frick,Steve,Small
10207,45,56.54999924,2,2544.75,9/12/2003,Shipped,4,12,2003,Trains,62,S32_3207,Diecast Collectables,6175552555,6251 Ingle Ln.,NULL,Boston,MA,51003,USA,NA,Franco,Valarie,Small
10220,20,52.81999969,6,1056.400024,12/2/2004,Shipped,1,2,2004,Trains,62,S32_3207,"Clover Collections, Co.",+353 1862 1555,25 Maiden Lane,Floor No. 4,Dublin,NULL,2,Ireland,EMEA,Cassidy,Dean,Small
10230,46,60.90000153,4,2801.399902,15/3/04,Shipped,1,3,2004,Trains,62,S32_3207,"Blauer See Auto, Co.",+49 69 66 90 2555,Lyonerstr. 34,NULL,Frankfurt,NULL,60528,Germany,EMEA,Keitel,Roland,Small
10247,40,49.70999908,6,1988.400024,5/5/2004,Shipped,2,5,2004,Trains,62,S32_3207,Suominen Souveniers,+358 9 8045 555,"Software Engineering Center, SEC Oy",NULL,Espoo,NULL,FIN-02271,Finland,EMEA,Suominen,Kalle,Small
10272,45,64.62999725,6,2908.350098,20/7/04,Shipped,3,7,2004,Trains,62,S32_3207,Diecast Classics Inc.,2155551555,7586 Pompton St.,NULL,Allentown,PA,70267,USA,NA,Yu,Kyung,Small
10282,36,59.65000153,9,2147.399902,20/8/04,Shipped,3,8,2004,Trains,62,S32_3207,Mini Gifts Distributors Ltd.,4155551450,5677 Strong St.,NULL,San Rafael,CA,97562,USA,NA,Nelson,Valarie,Small
10292,31,67.73000336,3,2099.629883,8/9/2004,Shipped,3,9,2004,Trains,62,S32_3207,Land of Toys Inc.,2125557818,897 Long Airport Avenue,NULL,NYC,NY,10022,USA,NA,Yu,Kwai,Small
10306,46,50.33000183,17,2315.179932,14/10/04,Shipped,4,10,2004,Trains,62,S32_3207,"AV Stores, Co.",(171) 555-1555,Fauntleroy Circus,NULL,Manchester,NULL,EC2 5NT,UK,EMEA,Ashworth,Victoria,Small
10314,35,66.48999786,9,2327.149902,22/10/04,Shipped,4,10,2004,Trains,62,S32_3207,Heintze Collectables,86 21 3555,Smagsloget 45,NULL,Aaarhus,NULL,8200,Denmark,EMEA,Ibsen,Palle,Small
10325,28,100,2,5377.399902,5/11/2004,Shipped,4,11,2004,Trains,62,S32_3207,Baane Mini Imports,07-98 9555,Erling Skakkes gate 78,NULL,Stavern,NULL,4110,Norway,EMEA,Bergulfsen,Jonas,Medium
10336,31,84.70999908,9,2626.01001,20/11/04,Shipped,4,11,2004,Trains,62,S32_3207,"La Corne D'abondance, Co.",(1) 42.34.2555,"265, boulevard Charonne",NULL,Paris,NULL,75012,France,EMEA,Bertrand,Marie,Small
10350,27,100,14,4406.399902,2/12/2004,Shipped,4,12,2004,Trains,62,S32_3207,Euro Shopping Channel,(91) 555 94 44,"C/ Moralzarzal, 86",NULL,Madrid,NULL,28034,Spain,EMEA,Freyre,Diego,Medium
10359,22,100,1,4301.220215,15/12/04,Shipped,4,12,2004,Trains,62,S32_3207,Reims Collectables,26.47.1555,59 rue de l'Abbaye,NULL,Reims,NULL,51100,France,EMEA,Henriot,Paul,Medium
10371,30,99.55000305,11,2986.5,23/1/05,Shipped,1,1,2005,Trains,62,S32_3207,Mini Gifts Distributors Ltd.,4155551450,5677 Strong St.,NULL,San Rafael,CA,97562,USA,NA,Nelson,Valarie,Small
10383,44,36.06999969,8,1587.079956,22/2/05,Shipped,1,2,2005,Trains,62,S32_3207,Euro Shopping Channel,(91) 555 94 44,"C/ Moralzarzal, 86",NULL,Madrid,NULL,28034,Spain,EMEA,Freyre,Diego,Small
10394,30,60.27999878,4,1808.400024,15/3/05,Shipped,1,3,2005,Trains,62,S32_3207,Euro Shopping Channel,(91) 555 94 44,"C/ Moralzarzal, 86",NULL,Madrid,NULL,28034,Spain,EMEA,Freyre,Diego,Small
10413,24,49.70999908,6,1193.040039,5/5/2005,Shipped,2,5,2005,Trains,62,S32_3207,Gift Depot Inc.,2035552570,25593 South Bay Ln.,NULL,Bridgewater,CT,97562,USA,NA,King,Julie,Small
10103,45,75.62999725,7,3403.350098,29/1/03,Shipped,1,1,2003,Trucks and Buses,64,S32_3522,Baane Mini Imports,07-98 9555,Erling Skakkes gate 78,NULL,Stavern,NULL,4110,Norway,EMEA,Bergulfsen,Jonas,Medium
10113,23,68.51999664,1,1575.959961,26/3/03,Shipped,1,3,2003,Trucks and Buses,64,S32_3522,Mini Gifts Distributors Ltd.,4155551450,5677 Strong St.,NULL,San Rafael,CA,97562,USA,NA,Nelson,Valarie,Small
10126,26,62.70000076,7,1630.199951,28/5/03,Shipped,2,5,2003,Trucks and Buses,64,S32_3522,"Corrida Auto Replicas, Ltd",(91) 555 22 82,"C/ Araquil, 67",NULL,Madrid,NULL,28023,Spain,EMEA,Sommer,Mart n,Small
10140,28,60.75999832,7,1701.280029,24/7/03,Shipped,3,7,2003,Trucks and Buses,64,S32_3522,Technics Stores Inc.,6505556809,9408 Furth Circle,NULL,Burlingame,CA,94217,USA,NA,Hirano,Juri,Small
10150,49,58.18000031,4,2850.820068,19/9/03,Shipped,3,9,2003,Trucks and Buses,64,S32_3522,"Dragon Souveniers, Ltd.",+65 221 7555,"Bronz Sok., Bronz Apt. 3/6 Tesvikiye",NULL,Singapore,NULL,79903,Singapore,Japan,Natividad,Eric,Small
10164,49,54.93999863,5,2692.060059,21/10/03,Resolved,4,10,2003,Trucks and Buses,64,S32_3522,Mini Auto Werke,7675-3555,Kirchgasse 6,NULL,Graz,NULL,8010,Austria,EMEA,Mendel,Roland,Small
10175,29,74.98000336,12,2174.419922,6/11/2003,Shipped,4,11,2003,Trucks and Buses,64,S32_3522,"Stylish Desk Decors, Co.",(171) 555-0297,35 King George,NULL,London,NULL,WX3 6FW,UK,EMEA,Brown,Ann,Small
10183,49,64.63999939,4,3167.360107,13/11/03,Shipped,4,11,2003,Trucks and Buses,64,S32_3522,"Classic Gift Ideas, Inc",2155554695,782 First Street,NULL,Philadelphia,PA,71270,USA,NA,Cervantes,Francisca,Medium
10194,39,54.93999863,7,2142.659912,25/11/03,Shipped,4,11,2003,Trucks and Buses,64,S32_3522,"Saveley & Henriot, Co.",78.32.5555,"2, rue du Commerce",NULL,Lyon,NULL,69004,France,EMEA,Saveley,Mary,Small
10206,36,58.81999969,2,2117.52002,5/12/2003,Shipped,4,12,2003,Trucks and Buses,64,S32_3522,Canadian Gift Exchange Network,(604) 555-3392,1900 Oak St.,NULL,Vancouver,BC,V3F 2K1,Canada,NA,Tannamuri,Yoshi,Small
10217,39,62.04999924,7,2419.949951,4/2/2004,Shipped,1,2,2004,Trucks and Buses,64,S32_3522,Handji Gifts& Co,+65 224 1555,Village Close - 106 Linden Road Sandown,2nd Floor,Singapore,NULL,69045,Singapore,APAC,Victorino,Wendy,Small
10229,30,73.04000092,12,2191.199951,11/3/2004,Shipped,1,3,2004,Trucks and Buses,64,S32_3522,Mini Gifts Distributors Ltd.,4155551450,5677 Strong St.,NULL,San Rafael,CA,97562,USA,NA,Nelson,Valarie,Small
10245,44,69.16000366,5,3043.040039,4/5/2004,Shipped,2,5,2004,Trucks and Buses,64,S32_3522,Super Scale Inc.,2035559545,567 North Pendale Street,NULL,New Haven,CT,97823,USA,NA,Murphy,Leslie,Medium
10258,20,61.40999985,2,1228.199951,15/6/04,Shipped,2,6,2004,Trucks and Buses,64,S32_3522,"Tokyo Collectables, Ltd",+81 3 3584 0555,2-2-8 Roppongi,NULL,Minato-ku,Tokyo,106-0032,Japan,Japan,Shimamura,Akiko,Small
10270,21,63.34999847,5,1330.349976,19/7/04,Shipped,3,7,2004,Trucks and Buses,64,S32_3522,Souveniers And Things Co.,+61 2 9495 8555,"Monitor Money Building, 815 Pacific Hwy",Level 6,Chatswood,NSW,2067,Australia,APAC,Huxley,Adrian,Small
10281,36,77.56999969,12,2792.52002,19/8/04,Shipped,3,8,2004,Trucks and Buses,64,S32_3522,Diecast Classics Inc.,2155551555,7586 Pompton St.,NULL,Allentown,PA,70267,USA,NA,Yu,Kyung,Small
10291,32,71.75,7,2296,8/9/2004,Shipped,3,9,2004,Trucks and Buses,64,S32_3522,Scandinavian Gift Ideas,0695-34 6555,?kergatan 24,NULL,Boras,NULL,S-844 67,Sweden,EMEA,Larsson,Maria,Small
10304,36,73.04000092,2,2629.439941,11/10/2004,Shipped,4,10,2004,Trucks and Buses,64,S32_3522,Auto Assoc. & Cie.,30.59.8555,"67, avenue de l'Europe",NULL,Versailles,NULL,78000,France,EMEA,Tonini,Daniel,Small
10313,34,56.24000168,10,1912.160034,22/10/04,Shipped,4,10,2004,Trucks and Buses,64,S32_3522,Canadian Gift Exchange Network,(604) 555-3392,1900 Oak St.,NULL,Vancouver,BC,V3F 2K1,Canada,NA,Tannamuri,Yoshi,Small
10324,48,100,4,8209.44043,5/11/2004,Shipped,4,11,2004,Trucks and Buses,64,S32_3522,Vitachrome Inc.,2125551500,2678 Kingston Rd.,Suite 101,NYC,NY,10022,USA,NA,Frick,Michael,Large
10333,33,73.69000244,4,2431.77002,18/11/04,Shipped,4,11,2004,Trucks and Buses,64,S32_3522,Mini Wheels Co.,6505555787,5557 North Pendale Street,NULL,San Francisco,CA,NULL,USA,NA,Murphy,Julie,Small
10348,31,100,5,3139.98999,1/11/2004,Shipped,4,11,2004,Trucks and Buses,64,S32_3522,"Corrida Auto Replicas, Ltd",(91) 555 22 82,"C/ Araquil, 67",NULL,Madrid,NULL,28023,Spain,EMEA,Sommer,Mart n,Medium
10358,36,100,2,5669.640137,10/12/2004,Shipped,4,12,2004,Trucks and Buses,64,S32_3522,Euro Shopping Channel,(91) 555 94 44,"C/ Moralzarzal, 86",NULL,Madrid,NULL,28034,Spain,EMEA,Freyre,Diego,Medium
10370,25,100,3,3160.25,20/1/05,Shipped,1,1,2005,Trucks and Buses,64,S32_3522,"Anna's Decorations, Ltd",02 9936 8555,201 Miller Street,Level 15,North Sydney,NSW,2060,Australia,APAC,O'Hara,Anna,Medium
10382,48,100,8,6799.680176,17/2/05,Shipped,1,2,2005,Trucks and Buses,64,S32_3522,Mini Gifts Distributors Ltd.,4155551450,5677 Strong St.,NULL,San Rafael,CA,97562,USA,NA,Nelson,Valarie,Medium
10411,27,69.16000366,5,1867.319946,1/5/2005,Shipped,2,5,2005,Trucks and Buses,64,S32_3522,Quebec Home Shopping Network,(514) 555-8054,43 rue St. Laurent,NULL,Montreal,Quebec,H1J 1C3,Canada,NA,Fresnisre,Jean,Small
10424,44,61.40999985,2,2702.040039,31/5/05,In Process,2,5,2005,Trucks and Buses,64,S32_3522,Euro Shopping Channel,(91) 555 94 44,"C/ Moralzarzal, 86",NULL,Madrid,NULL,28034,Spain,EMEA,Freyre,Diego,Small
10106,33,72.91999817,5,2406.360107,17/2/03,Shipped,1,2,2003,Vintage Cars,68,S32_4289,Rovelli Gifts,035-640555,Via Ludovico il Moro 22,NULL,Bergamo,NULL,24100,Italy,EMEA,Rovelli,Giovanni,Small
10120,29,72.23000336,11,2094.669922,29/4/03,Shipped,2,4,2003,Vintage Cars,68,S32_4289,"Australian Collectors, Co.",03 9520 4555,636 St Kilda Road,Level 3,Melbourne,Victoria,3004,Australia,APAC,Ferguson,Peter,Small
10133,49,57.09999847,6,2797.899902,27/6/03,Shipped,2,6,2003,Vintage Cars,68,S32_4289,Euro Shopping Channel,(91) 555 94 44,"C/ Moralzarzal, 86",NULL,Madrid,NULL,28034,Spain,EMEA,Freyre,Diego,Small
10144,20,81.86000061,1,1637.199951,13/8/03,Shipped,3,8,2003,Vintage Cars,68,S32_4289,Royale Belge,(071) 23 67 2555,"Boulevard Tirou, 255",NULL,Charleroi,NULL,B-6000,Belgium,EMEA,Cartrain,Pascale,Small
10168,31,73.61000061,12,2281.909912,28/10/03,Shipped,4,10,2003,Vintage Cars,68,S32_4289,Technics Stores Inc.,6505556809,9408 Furth Circle,NULL,Burlingame,CA,94217,USA,NA,Hirano,Juri,Small
10210,39,59.15999985,10,2307.23999,12/1/2004,Shipped,1,1,2004,Vintage Cars,68,S32_4289,Osaka Souveniers Co.,+81 06 6342 5555,"Dojima Avanza 4F, 1-6-20 Dojima, Kita-ku",NULL,Osaka,Osaka,530-0003,Japan,Japan,Kentary,Mory,Small
10223,20,66.04000092,12,1320.800049,20/2/04,Shipped,1,2,2004,Vintage Cars,68,S32_4289,"Australian Collectors, Co.",03 9520 4555,636 St Kilda Road,Level 3,Melbourne,Victoria,3004,Australia,APAC,Ferguson,Peter,Small
10235,34,77.73000336,6,2642.820068,2/4/2004,Shipped,2,4,2004,Vintage Cars,68,S32_4289,"Royal Canadian Collectables, Ltd.",(604) 555-4555,23 Tsawassen Blvd.,NULL,Tsawassen,BC,T2F 8M4,Canada,NA,Lincoln,Elizabeth,Small
10250,50,61.22000122,7,3061,11/5/2004,Shipped,2,5,2004,Vintage Cars,68,S32_4289,The Sharp Gifts Warehouse,4085553659,3086 Ingle Ln.,NULL,San Jose,CA,94217,USA,NA,Frick,Sue,Medium
10262,40,79.11000061,2,3164.399902,24/6/04,Cancelled,2,6,2004,Vintage Cars,68,S32_4289,Euro Shopping Channel,(91) 555 94 44,"C/ Moralzarzal, 86",NULL,Madrid,NULL,28034,Spain,EMEA,Freyre,Diego,Medium
10275,28,63.97000122,12,1791.160034,23/7/04,Shipped,3,7,2004,Vintage Cars,68,S32_4289,La Rochelle Gifts,40.67.8555,"67, rue des Cinquante Otages",NULL,Nantes,NULL,44000,France,EMEA,Labrune,Janine,Small
10284,50,81.86000061,4,4093,21/8/04,Shipped,3,8,2004,Vintage Cars,68,S32_4289,"Norway Gifts By Mail, Co.",+47 2212 1555,"Drammensveien 126 A, PB 744 Sentrum",NULL,Oslo,NULL,N 0106,Norway,EMEA,Klaeboe,Jan,Medium
10297,28,79.80000305,7,2234.399902,16/9/04,Shipped,3,9,2004,Vintage Cars,68,S32_4289,"Clover Collections, Co.",+353 1862 1555,25 Maiden Lane,Floor No. 4,Dublin,NULL,2,Ireland,EMEA,Cassidy,Dean,Small
10308,46,66.04000092,10,3037.840088,15/10/04,Shipped,4,10,2004,Vintage Cars,68,S32_4289,Mini Classics,9145554562,3758 North Pendale Street,NULL,White Plains,NY,24067,USA,NA,Frick,Steve,Medium
10316,24,59.15999985,2,1419.839966,1/11/2004,Shipped,4,11,2004,Vintage Cars,68,S32_4289,giftsbymail.co.uk,(198) 555-8888,Garden House Crowther Way,NULL,Cowes,Isle of Wight,PO31 7PJ,UK,EMEA,Bennett,Helen,Small
10328,24,81.16999817,5,1948.079956,12/11/2004,Shipped,4,11,2004,Vintage Cars,68,S32_4289,Rovelli Gifts,035-640555,Via Ludovico il Moro 22,NULL,Bergamo,NULL,24100,Italy,EMEA,Rovelli,Giovanni,Small
10340,39,59.15999985,3,2307.23999,24/11/04,Shipped,4,11,2004,Vintage Cars,68,S32_4289,Enaco Distributors,(93) 203 4555,"Rambla de Catalu a, 23",NULL,Barcelona,NULL,8022,Spain,EMEA,Saavedra,Eduardo,Small
10353,40,44.50999832,7,1780.400024,4/12/2004,Shipped,4,12,2004,Vintage Cars,68,S32_4289,Gift Ideas Corp.,2035554407,2440 Pompton St.,NULL,Glendale,CT,97561,USA,NA,Lewis,Dan,Small
10361,49,72.33000183,2,3544.169922,17/12/04,Shipped,4,12,2004,Vintage Cars,68,S32_4289,Souveniers And Things Co.,+61 2 9495 8555,"Monitor Money Building, 815 Pacific Hwy",Level 6,Chatswood,NSW,2067,Australia,APAC,Huxley,Adrian,Medium
10375,44,82.26000214,4,3619.439941,3/2/2005,Shipped,1,2,2005,Vintage Cars,68,S32_4289,La Rochelle Gifts,40.67.8555,"67, rue des Cinquante Otages",NULL,Nantes,NULL,44000,France,EMEA,Labrune,Janine,Medium
10388,35,100,8,3918.949951,3/3/2005,Shipped,1,3,2005,Vintage Cars,68,S32_4289,FunGiftIdeas.com,5085552555,1785 First Street,NULL,New Bedford,MA,50553,USA,NA,Benitez,Violeta,Medium
10398,22,67.41000366,4,1483.02002,30/3/05,Shipped,1,3,2005,Vintage Cars,68,S32_4289,Reims Collectables,26.47.1555,59 rue de l'Abbaye,NULL,Reims,NULL,51100,France,EMEA,Henriot,Paul,Small
10401,62,77.73000336,6,4819.259766,3/4/2005,On Hold,2,4,2005,Vintage Cars,68,S32_4289,Tekni Collectables Inc.,2015559350,7476 Moss Rd.,NULL,Newark,NJ,94019,USA,NA,Brown,William,Medium
10416,26,61.22000122,7,1591.719971,10/5/2005,Shipped,2,5,2005,Vintage Cars,68,S32_4289,L'ordine Souveniers,0522-556555,Strada Provinciale 124,NULL,Reggio Emilia,NULL,42100,Italy,EMEA,Moroni,Maurizio,Small
10108,31,100,16,3669.780029,3/3/2003,Shipped,1,3,2003,Motorcycles,102,S32_4485,Cruz & Sons Co.,+63 2 555 3587,15 McCallum Street - NatWest Center #13-03,NULL,Makati City,NULL,1227 MM,Philippines,Japan,Cruz,Arnold,Medium
10121,25,86.73999786,3,2168.5,7/5/2003,Shipped,2,5,2003,Motorcycles,102,S32_4485,Reims Collectables,26.47.1555,59 rue de l'Abbaye,NULL,Reims,NULL,51100,France,EMEA,Henriot,Paul,Small
10135,30,89.80000305,17,2694,2/7/2003,Shipped,3,7,2003,Motorcycles,102,S32_4485,Mini Gifts Distributors Ltd.,4155551450,5677 Strong St.,NULL,San Rafael,CA,97562,USA,NA,Nelson,Valarie,Small
10145,27,100,4,3251.340088,25/8/03,Shipped,3,8,2003,Motorcycles,102,S32_4485,Toys4GrownUps.com,6265557265,78934 Hillside Dr.,NULL,Pasadena,CA,90003,USA,NA,Young,Julie,Medium
10159,23,100,12,2347.149902,10/10/2003,Shipped,4,10,2003,Motorcycles,102,S32_4485,Corporate Gift Ideas Co.,6505551386,7734 Strong St.,NULL,San Francisco,CA,NULL,USA,NA,Brown,Julie,Small
10169,34,100,12,3920.879883,4/11/2003,Shipped,4,11,2003,Motorcycles,102,S32_4485,"Anna's Decorations, Ltd",02 9936 8555,201 Miller Street,Level 15,North Sydney,NSW,2060,Australia,APAC,O'Hara,Anna,Medium
10180,22,100,7,2514.600098,11/11/2003,Shipped,4,11,2003,Motorcycles,102,S32_4485,Daedalus Designs Imports,20.16.1555,"184, chausse de Tournai",NULL,Lille,NULL,59000,France,EMEA,Rance,Martine,Small
10190,42,85.72000122,4,3600.23999,19/11/03,Shipped,4,11,2003,Motorcycles,102,S32_4485,Euro Shopping Channel,(91) 555 94 44,"C/ Moralzarzal, 86",NULL,Madrid,NULL,28034,Spain,EMEA,Freyre,Diego,Medium
10211,37,100,12,4040.030029,15/1/04,Shipped,1,1,2004,Motorcycles,102,S32_4485,Auto Canal Petit,(1) 47.55.6555,"25, rue Lauriston",NULL,Paris,NULL,75016,France,EMEA,Perrier,Dominique,Medium
10224,30,100,5,3336.899902,21/2/04,Shipped,1,2,2004,Motorcycles,102,S32_4485,Daedalus Designs Imports,20.16.1555,"184, chausse de Tournai",NULL,Lille,NULL,59000,France,EMEA,Rance,Martine,Medium
10237,27,100,5,3113.639893,5/4/2004,Shipped,2,4,2004,Motorcycles,102,S32_4485,Vitachrome Inc.,2125551500,2678 Kingston Rd.,Suite 101,NYC,NY,10022,USA,NA,Frick,Michael,Medium
10252,25,100,9,2832,26/5/04,Shipped,2,5,2004,Motorcycles,102,S32_4485,Auto Canal Petit,(1) 47.55.6555,"25, rue Lauriston",NULL,Paris,NULL,75016,France,EMEA,Perrier,Dominique,Small
10264,34,97.97000122,7,3330.97998,30/6/04,Shipped,2,6,2004,Motorcycles,102,S32_4485,Gifts4AllAges.com,6175559555,8616 Spinnaker Dr.,NULL,Boston,MA,51003,USA,NA,Yoshido,Juri,Medium
10276,38,100,13,4304.640137,2/8/2004,Shipped,3,8,2004,Motorcycles,102,S32_4485,Online Mini Collectables,6175557555,7635 Spinnaker Dr.,NULL,Brickhaven,MA,58339,USA,NA,Barajas,Miguel,Medium
10285,26,100,4,2600.26001,27/8/04,Shipped,3,8,2004,Motorcycles,102,S32_4485,Marta's Replicas Co.,6175558555,39323 Spinnaker Dr.,NULL,Cambridge,MA,51247,USA,NA,Hernandez,Marta,Small
10299,38,100,7,4382.160156,30/9/04,Shipped,3,9,2004,Motorcycles,102,S32_4485,"Toys of Finland, Co.",90-224 8555,Keskuskatu 45,NULL,Helsinki,NULL,21240,Finland,EMEA,Karttunen,Matti,Medium
10309,50,84.69999695,3,4235,15/10/04,Shipped,4,10,2004,Motorcycles,102,S32_4485,Baane Mini Imports,07-98 9555,Erling Skakkes gate 78,NULL,Stavern,NULL,4110,Norway,EMEA,Bergulfsen,Jonas,Medium
10319,22,100,8,2626.800049,3/11/2004,Shipped,4,11,2004,Motorcycles,102,S32_4485,Microscale Inc.,2125551957,5290 North Pendale Street,Suite 200,NYC,NY,10022,USA,NA,Kuo,Kee,Small
10331,32,100,4,5026.560059,17/11/04,Shipped,4,11,2004,Motorcycles,102,S32_4485,Motor Mint Distributors Inc.,2155559857,11328 Douglas Av.,NULL,Philadelphia,PA,71270,USA,NA,Hernandez,Rosa,Medium
10341,31,71.01999664,4,2201.620117,24/11/04,Shipped,4,11,2004,Motorcycles,102,S32_4485,Salzburg Collectables,6562-9555,Geislweg 14,NULL,Salzburg,NULL,5020,Austria,EMEA,Pipps,Georg,Small
10355,40,100,5,4326.799805,7/12/2004,Shipped,4,12,2004,Motorcycles,102,S32_4485,Euro Shopping Channel,(91) 555 94 44,"C/ Moralzarzal, 86",NULL,Madrid,NULL,28034,Spain,EMEA,Freyre,Diego,Medium
10365,22,100,3,3425.179932,7/1/2005,Shipped,1,1,2005,Motorcycles,102,S32_4485,Mini Creations Ltd.,5085559555,4575 Hillside Dr.,NULL,New Bedford,MA,50553,USA,NA,Tam,Wing C,Medium
10375,41,100,15,4701.879883,3/2/2005,Shipped,1,2,2005,Motorcycles,102,S32_4485,La Rochelle Gifts,40.67.8555,"67, rue des Cinquante Otages",NULL,Nantes,NULL,44000,France,EMEA,Labrune,Janine,Medium
10390,45,48.97999954,12,2204.100098,4/3/2005,Shipped,1,3,2005,Motorcycles,102,S32_4485,Mini Gifts Distributors Ltd.,4155551450,5677 Strong St.,NULL,San Rafael,CA,97562,USA,NA,Nelson,Valarie,Small
10403,45,100,5,5189.399902,8/4/2005,Shipped,2,4,2005,Motorcycles,102,S32_4485,"UK Collectables, Ltd.",(171) 555-2282,Berkeley Gardens 12  Brewery,NULL,Liverpool,NULL,WX1 6LT,UK,EMEA,Devon,Elizabeth,Medium
10106,39,40.15000153,6,1565.849976,17/2/03,Shipped,1,2,2003,Vintage Cars,43,S50_1341,Rovelli Gifts,035-640555,Via Ludovico il Moro 22,NULL,Bergamo,NULL,24100,Italy,EMEA,Rovelli,Giovanni,Small
10120,49,50.61999893,12,2480.379883,29/4/03,Shipped,2,4,2003,Vintage Cars,43,S50_1341,"Australian Collectors, Co.",03 9520 4555,636 St Kilda Road,Level 3,Melbourne,Victoria,3004,Australia,APAC,Ferguson,Peter,Small
10133,27,50.18999863,7,1355.130005,27/6/03,Shipped,2,6,2003,Vintage Cars,43,S50_1341,Euro Shopping Channel,(91) 555 94 44,"C/ Moralzarzal, 86",NULL,Madrid,NULL,28034,Spain,EMEA,Freyre,Diego,Small
10143,34,36.65999985,1,1246.439941,10/8/2003,Shipped,3,8,2003,Vintage Cars,43,S50_1341,Mini Creations Ltd.,5085559555,4575 Hillside Dr.,NULL,New Bedford,MA,50553,USA,NA,Tam,Wing C,Small
10156,20,41.02000046,1,820.4000244,8/10/2003,Shipped,4,10,2003,Vintage Cars,43,S50_1341,Euro Shopping Channel,(91) 555 94 44,"C/ Moralzarzal, 86",NULL,Madrid,NULL,28034,Spain,EMEA,Freyre,Diego,Small
10168,48,51.93000031,13,2492.639893,28/10/03,Shipped,4,10,2003,Vintage Cars,43,S50_1341,Technics Stores Inc.,6505556809,9408 Furth Circle,NULL,Burlingame,CA,94217,USA,NA,Hirano,Juri,Small
10199,29,38.40000153,1,1113.599976,1/12/2003,Shipped,4,12,2003,Vintage Cars,43,S50_1341,West Coast Collectables Co.,3105553722,3675 Furth Circle,NULL,Burbank,CA,94019,USA,NA,Thompson,Steve,Small
10210,43,41.02000046,11,1763.859985,12/1/2004,Shipped,1,1,2004,Vintage Cars,43,S50_1341,Osaka Souveniers Co.,+81 06 6342 5555,"Dojima Avanza 4F, 1-6-20 Dojima, Kita-ku",NULL,Osaka,Osaka,530-0003,Japan,Japan,Kentary,Mory,Small
10223,41,46.25999832,13,1896.660034,20/2/04,Shipped,1,2,2004,Vintage Cars,43,S50_1341,"Australian Collectors, Co.",03 9520 4555,636 St Kilda Road,Level 3,Melbourne,Victoria,3004,Australia,APAC,Ferguson,Peter,Small
10235,41,35.34999847,7,1449.349976,2/4/2004,Shipped,2,4,2004,Vintage Cars,43,S50_1341,"Royal Canadian Collectables, Ltd.",(604) 555-4555,23 Tsawassen Blvd.,NULL,Tsawassen,BC,T2F 8M4,Canada,NA,Lincoln,Elizabeth,Small
10250,36,51.93000031,8,1869.47998,11/5/2004,Shipped,2,5,2004,Vintage Cars,43,S50_1341,The Sharp Gifts Warehouse,4085553659,3086 Ingle Ln.,NULL,San Jose,CA,94217,USA,NA,Frick,Sue,Small
10262,49,37.97000122,3,1860.530029,24/6/04,Cancelled,2,6,2004,Vintage Cars,43,S50_1341,Euro Shopping Channel,(91) 555 94 44,"C/ Moralzarzal, 86",NULL,Madrid,NULL,28034,Spain,EMEA,Freyre,Diego,Small
10275,38,45.38999939,13,1724.819946,23/7/04,Shipped,3,7,2004,Vintage Cars,43,S50_1341,La Rochelle Gifts,40.67.8555,"67, rue des Cinquante Otages",NULL,Nantes,NULL,44000,France,EMEA,Labrune,Janine,Small
10284,33,51.93000031,5,1713.689941,21/8/04,Shipped,3,8,2004,Vintage Cars,43,S50_1341,"Norway Gifts By Mail, Co.",+47 2212 1555,"Drammensveien 126 A, PB 744 Sentrum",NULL,Oslo,NULL,N 0106,Norway,EMEA,Klaeboe,Jan,Small
10296,26,48.43999863,1,1259.439941,15/9/04,Shipped,3,9,2004,Vintage Cars,43,S50_1341,"Bavarian Collectables Imports, Co.",+49 89 61 08 9555,Hansastr. 15,NULL,Munich,NULL,80686,Germany,EMEA,Donnermeyer,Michael,Small
10308,47,43.63999939,11,2051.080078,15/10/04,Shipped,4,10,2004,Vintage Cars,43,S50_1341,Mini Classics,9145554562,3758 North Pendale Street,NULL,White Plains,NY,24067,USA,NA,Frick,Steve,Small
10316,34,47.56999969,3,1617.380005,1/11/2004,Shipped,4,11,2004,Vintage Cars,43,S50_1341,giftsbymail.co.uk,(198) 555-8888,Garden House Crowther Way,NULL,Cowes,Isle of Wight,PO31 7PJ,UK,EMEA,Bennett,Helen,Small
10328,34,51.93000031,7,1765.619995,12/11/2004,Shipped,4,11,2004,Vintage Cars,43,S50_1341,Rovelli Gifts,035-640555,Via Ludovico il Moro 22,NULL,Bergamo,NULL,24100,Italy,EMEA,Rovelli,Giovanni,Small
10340,40,50.61999893,4,2024.800049,24/11/04,Shipped,4,11,2004,Vintage Cars,43,S50_1341,Enaco Distributors,(93) 203 4555,"Rambla de Catalu a, 23",NULL,Barcelona,NULL,8022,Spain,EMEA,Saavedra,Eduardo,Small
10353,40,82.20999908,8,3288.399902,4/12/2004,Shipped,4,12,2004,Vintage Cars,43,S50_1341,Gift Ideas Corp.,2035554407,2440 Pompton St.,NULL,Glendale,CT,97561,USA,NA,Lewis,Dan,Medium
10361,33,82.58999634,3,2725.469971,17/12/04,Shipped,4,12,2004,Vintage Cars,43,S50_1341,Souveniers And Things Co.,+61 2 9495 8555,"Monitor Money Building, 815 Pacific Hwy",Level 6,Chatswood,NSW,2067,Australia,APAC,Huxley,Adrian,Small
10375,49,65.80000305,5,3224.199951,3/2/2005,Shipped,1,2,2005,Vintage Cars,43,S50_1341,La Rochelle Gifts,40.67.8555,"67, rue des Cinquante Otages",NULL,Nantes,NULL,44000,France,EMEA,Labrune,Janine,Medium
10388,27,100,1,3211.379883,3/3/2005,Shipped,1,3,2005,Vintage Cars,43,S50_1341,FunGiftIdeas.com,5085552555,1785 First Street,NULL,New Bedford,MA,50553,USA,NA,Benitez,Violeta,Medium
10398,49,36.65999985,5,1796.339966,30/3/05,Shipped,1,3,2005,Vintage Cars,43,S50_1341,Reims Collectables,26.47.1555,59 rue de l'Abbaye,NULL,Reims,NULL,51100,France,EMEA,Henriot,Paul,Small
10401,56,35.34999847,7,1979.599976,3/4/2005,On Hold,2,4,2005,Vintage Cars,43,S50_1341,Tekni Collectables Inc.,2015559350,7476 Moss Rd.,NULL,Newark,NJ,94019,USA,NA,Brown,William,Small
10416,37,51.93000031,8,1921.410034,10/5/2005,Shipped,2,5,2005,Vintage Cars,43,S50_1341,L'ordine Souveniers,0522-556555,Strada Provinciale 124,NULL,Reggio Emilia,NULL,42100,Italy,EMEA,Moroni,Maurizio,Small
10104,33,100,7,3705.23999,31/1/03,Shipped,1,1,2003,Trucks and Buses,115,S50_1392,Euro Shopping Channel,(91) 555 94 44,"C/ Moralzarzal, 86",NULL,Madrid,NULL,28034,Spain,EMEA,Freyre,Diego,Medium
10115,27,100,3,2843.909912,4/4/2003,Shipped,2,4,2003,Trucks and Buses,115,S50_1392,Classic Legends Inc.,2125558493,5905 Pompton St.,Suite 750,NYC,NY,10022,USA,NA,Hernandez,Maria,Small
10127,46,100,9,6176.419922,3/6/2003,Shipped,2,6,2003,Trucks and Buses,115,S50_1392,Muscle Machine Inc,2125557413,4092 Furth Circle,Suite 400,NYC,NY,10022,USA,NA,Young,Jeff,Medium
10141,44,100,3,5500.439941,1/8/2003,Shipped,3,8,2003,Trucks and Buses,115,S50_1392,Suominen Souveniers,+358 9 8045 555,"Software Engineering Center, SEC Oy",NULL,Espoo,NULL,FIN-02271,Finland,EMEA,Suominen,Kalle,Medium
10151,26,100,1,3220.100098,21/9/03,Shipped,3,9,2003,Trucks and Buses,115,S50_1392,"Oulu Toy Supplies, Inc.",981-443655,Torikatu 38,NULL,Oulu,NULL,90110,Finland,EMEA,Koskitalo,Pirkko,Medium
10165,48,94.91999817,10,4556.160156,22/10/03,Shipped,4,10,2003,Trucks and Buses,115,S50_1392,"Dragon Souveniers, Ltd.",+65 221 7555,"Bronz Sok., Bronz Apt. 3/6 Tesvikiye",NULL,Singapore,NULL,79903,Singapore,Japan,Natividad,Eric,Medium
10176,23,100,9,3114.889893,6/11/2003,Shipped,4,11,2003,Trucks and Buses,115,S50_1392,L'ordine Souveniers,0522-556555,Strada Provinciale 124,NULL,Reggio Emilia,NULL,42100,Italy,EMEA,Moroni,Maurizio,Medium
10184,45,100,4,4948.200195,14/11/03,Shipped,4,11,2003,Trucks and Buses,115,S50_1392,"Iberia Gift Imports, Corp.",(95) 555 82 82,"C/ Romero, 33",NULL,Sevilla,NULL,41101,Spain,EMEA,Roel,Jose Pedro,Medium
10195,49,100,4,5161.169922,25/11/03,Shipped,4,11,2003,Trucks and Buses,115,S50_1392,Mini Classics,9145554562,3758 North Pendale Street,NULL,White Plains,NY,24067,USA,NA,Frick,Steve,Medium
10207,28,94.91999817,5,2657.76001,9/12/2003,Shipped,4,12,2003,Trucks and Buses,115,S50_1392,Diecast Collectables,6175552555,6251 Ingle Ln.,NULL,Boston,MA,51003,USA,NA,Franco,Valarie,Small
10220,37,100,9,3983.050049,12/2/2004,Shipped,1,2,2004,Trucks and Buses,115,S50_1392,"Clover Collections, Co.",+353 1862 1555,25 Maiden Lane,Floor No. 4,Dublin,NULL,2,Ireland,EMEA,Cassidy,Dean,Medium
10230,34,100,7,3974.939941,15/3/04,Shipped,1,3,2004,Trucks and Buses,115,S50_1392,"Blauer See Auto, Co.",+49 69 66 90 2555,Lyonerstr. 34,NULL,Frankfurt,NULL,60528,Germany,EMEA,Keitel,Roland,Medium
10246,22,100,3,2928.419922,5/5/2004,Shipped,2,5,2004,Trucks and Buses,115,S50_1392,Euro Shopping Channel,(91) 555 94 44,"C/ Moralzarzal, 86",NULL,Madrid,NULL,28034,Spain,EMEA,Freyre,Diego,Small
10259,29,100,2,3054.570068,15/6/04,Shipped,2,6,2004,Trucks and Buses,115,S50_1392,Handji Gifts& Co,+65 224 1555,Village Close - 106 Linden Road Sandown,2nd Floor,Singapore,NULL,69045,Singapore,APAC,Victorino,Wendy,Medium
10271,34,98.38999939,3,3345.26001,20/7/04,Shipped,3,7,2004,Trucks and Buses,115,S50_1392,Mini Gifts Distributors Ltd.,4155551450,5677 Strong St.,NULL,San Rafael,CA,97562,USA,NA,Nelson,Valarie,Medium
10282,38,100,12,4310.720215,20/8/04,Shipped,3,8,2004,Trucks and Buses,115,S50_1392,Mini Gifts Distributors Ltd.,4155551450,5677 Strong St.,NULL,San Rafael,CA,97562,USA,NA,Nelson,Valarie,Medium
10292,41,100,6,4983.140137,8/9/2004,Shipped,3,9,2004,Trucks and Buses,115,S50_1392,Land of Toys Inc.,2125557818,897 Long Airport Avenue,NULL,NYC,NY,10022,USA,NA,Yu,Kwai,Medium
10305,42,100,3,4618.319824,13/10/04,Shipped,4,10,2004,Trucks and Buses,115,S50_1392,Marta's Replicas Co.,6175558555,39323 Spinnaker Dr.,NULL,Cambridge,MA,51247,USA,NA,Hernandez,Marta,Medium
10314,28,100,12,3403.120117,22/10/04,Shipped,4,10,2004,Trucks and Buses,115,S50_1392,Heintze Collectables,86 21 3555,Smagsloget 45,NULL,Aaarhus,NULL,8200,Denmark,EMEA,Ibsen,Palle,Medium
10325,38,100,4,5190.419922,5/11/2004,Shipped,4,11,2004,Trucks and Buses,115,S50_1392,Baane Mini Imports,07-98 9555,Erling Skakkes gate 78,NULL,Stavern,NULL,4110,Norway,EMEA,Bergulfsen,Jonas,Medium
10336,23,100,8,3141.570068,20/11/04,Shipped,4,11,2004,Trucks and Buses,115,S50_1392,"La Corne D'abondance, Co.",(1) 42.34.2555,"265, boulevard Charonne",NULL,Paris,NULL,75012,France,EMEA,Bertrand,Marie,Medium
10350,31,71.40000153,8,2213.399902,2/12/2004,Shipped,4,12,2004,Trucks and Buses,115,S50_1392,Euro Shopping Channel,(91) 555 94 44,"C/ Moralzarzal, 86",NULL,Madrid,NULL,28034,Spain,EMEA,Freyre,Diego,Small
10359,46,100,2,4896.700195,15/12/04,Shipped,4,12,2004,Trucks and Buses,115,S50_1392,Reims Collectables,26.47.1555,59 rue de l'Abbaye,NULL,Reims,NULL,51100,France,EMEA,Henriot,Paul,Medium
10371,48,56.54999924,10,2714.399902,23/1/05,Shipped,1,1,2005,Trucks and Buses,115,S50_1392,Mini Gifts Distributors Ltd.,4155551450,5677 Strong St.,NULL,San Rafael,CA,97562,USA,NA,Nelson,Valarie,Small
10383,29,100,13,3087.050049,22/2/05,Shipped,1,2,2005,Trucks and Buses,115,S50_1392,Euro Shopping Channel,(91) 555 94 44,"C/ Moralzarzal, 86",NULL,Madrid,NULL,28034,Spain,EMEA,Freyre,Diego,Medium
10395,46,100,4,5692.959961,17/3/05,Shipped,1,3,2005,Trucks and Buses,115,S50_1392,Lyon Souveniers,+33 1 46 62 7555,27 rue du Colonel Pierre Avia,NULL,Paris,NULL,75508,France,EMEA,Da Cunha,Daniel,Medium
10412,26,100,3,3460.860107,3/5/2005,Shipped,2,5,2005,Trucks and Buses,115,S50_1392,Euro Shopping Channel,(91) 555 94 44,"C/ Moralzarzal, 86",NULL,Madrid,NULL,28034,Spain,EMEA,Freyre,Diego,Medium
10425,18,100,2,1895.939941,31/5/05,In Process,2,5,2005,Trucks and Buses,115,S50_1392,La Rochelle Gifts,40.67.8555,"67, rue des Cinquante Otages",NULL,Nantes,NULL,44000,France,EMEA,Labrune,Janine,Small
10104,32,53.31000137,2,1705.920044,31/1/03,Shipped,1,1,2003,Trains,58,S50_1514,Euro Shopping Channel,(91) 555 94 44,"C/ Moralzarzal, 86",NULL,Madrid,NULL,28034,Spain,EMEA,Freyre,Diego,Small
10117,21,49.20999908,11,1033.410034,16/4/03,Shipped,2,4,2003,Trains,58,S50_1514,"Dragon Souveniers, Ltd.",+65 221 7555,"Bronz Sok., Bronz Apt. 3/6 Tesvikiye",NULL,Singapore,NULL,79903,Singapore,Japan,Natividad,Eric,Small
10127,46,69.12000275,4,3179.52002,3/6/2003,Shipped,2,6,2003,Trains,58,S50_1514,Muscle Machine Inc,2125557413,4092 Furth Circle,Suite 400,NYC,NY,10022,USA,NA,Young,Jeff,Medium
10142,42,49.79000092,14,2091.179932,8/8/2003,Shipped,3,8,2003,Trains,58,S50_1514,Mini Gifts Distributors Ltd.,4155551450,5677 Strong St.,NULL,San Rafael,CA,97562,USA,NA,Nelson,Valarie,Small
10153,31,57.40999985,13,1779.709961,28/9/03,Shipped,3,9,2003,Trains,58,S50_1514,Euro Shopping Channel,(91) 555 94 44,"C/ Moralzarzal, 86",NULL,Madrid,NULL,28034,Spain,EMEA,Freyre,Diego,Small
10165,38,66.77999878,5,2537.639893,22/10/03,Shipped,4,10,2003,Trains,58,S50_1514,"Dragon Souveniers, Ltd.",+65 221 7555,"Bronz Sok., Bronz Apt. 3/6 Tesvikiye",NULL,Singapore,NULL,79903,Singapore,Japan,Natividad,Eric,Small
10176,38,64.44000244,4,2448.719971,6/11/2003,Shipped,4,11,2003,Trains,58,S50_1514,L'ordine Souveniers,0522-556555,Strada Provinciale 124,NULL,Reggio Emilia,NULL,42100,Italy,EMEA,Moroni,Maurizio,Small
10185,20,48.61999893,15,972.4000244,14/11/03,Shipped,4,11,2003,Trains,58,S50_1514,Mini Creations Ltd.,5085559555,4575 Hillside Dr.,NULL,New Bedford,MA,50553,USA,NA,Tam,Wing C,Small
10196,46,62.09000015,7,2856.139893,26/11/03,Shipped,4,11,2003,Trains,58,S50_1514,Super Scale Inc.,2035559545,567 North Pendale Street,NULL,New Haven,CT,97823,USA,NA,Murphy,Leslie,Small
10208,30,65.61000061,15,1968.300049,2/1/2004,Shipped,1,1,2004,Trains,58,S50_1514,"Saveley & Henriot, Co.",78.32.5555,"2, rue du Commerce",NULL,Lyon,NULL,69004,France,EMEA,Saveley,Mary,Small
10220,30,68.54000092,4,2056.199951,12/2/2004,Shipped,1,2,2004,Trains,58,S50_1514,"Clover Collections, Co.",+353 1862 1555,25 Maiden Lane,Floor No. 4,Dublin,NULL,2,Ireland,EMEA,Cassidy,Dean,Small
10230,43,52.13999939,2,2242.02002,15/3/04,Shipped,1,3,2004,Trains,58,S50_1514,"Blauer See Auto, Co.",+49 69 66 90 2555,Lyonerstr. 34,NULL,Frankfurt,NULL,60528,Germany,EMEA,Keitel,Roland,Small
10247,49,63.84999847,4,3128.649902,5/5/2004,Shipped,2,5,2004,Trains,58,S50_1514,Suominen Souveniers,+358 9 8045 555,"Software Engineering Center, SEC Oy",NULL,Espoo,NULL,FIN-02271,Finland,EMEA,Suominen,Kalle,Medium
10272,43,56.81999969,4,2443.26001,20/7/04,Shipped,3,7,2004,Trains,58,S50_1514,Diecast Classics Inc.,2155551555,7586 Pompton St.,NULL,Allentown,PA,70267,USA,NA,Yu,Kyung,Small
10282,37,66.77999878,7,2470.860107,20/8/04,Shipped,3,8,2004,Trains,58,S50_1514,Mini Gifts Distributors Ltd.,4155551450,5677 Strong St.,NULL,San Rafael,CA,97562,USA,NA,Nelson,Valarie,Small
10292,35,55.06999969,1,1927.449951,8/9/2004,Shipped,3,9,2004,Trains,58,S50_1514,Land of Toys Inc.,2125557818,897 Long Airport Avenue,NULL,NYC,NY,10022,USA,NA,Yu,Kwai,Small
10306,34,60.34000015,15,2051.560059,14/10/04,Shipped,4,10,2004,Trains,58,S50_1514,"AV Stores, Co.",(171) 555-1555,Fauntleroy Circus,NULL,Manchester,NULL,EC2 5NT,UK,EMEA,Ashworth,Victoria,Small
10314,38,61.50999832,7,2337.379883,22/10/04,Shipped,4,10,2004,Trains,58,S50_1514,Heintze Collectables,86 21 3555,Smagsloget 45,NULL,Aaarhus,NULL,8200,Denmark,EMEA,Ibsen,Palle,Small
10325,44,100,7,5932.959961,5/11/2004,Shipped,4,11,2004,Trains,58,S50_1514,Baane Mini Imports,07-98 9555,Erling Skakkes gate 78,NULL,Stavern,NULL,4110,Norway,EMEA,Bergulfsen,Jonas,Medium
10337,21,100,6,2296.77002,21/11/04,Shipped,4,11,2004,Trains,58,S50_1514,Classic Legends Inc.,2125558493,5905 Pompton St.,Suite 750,NYC,NY,10022,USA,NA,Hernandez,Maria,Small
10350,44,100,17,6490.879883,2/12/2004,Shipped,4,12,2004,Trains,58,S50_1514,Euro Shopping Channel,(91) 555 94 44,"C/ Moralzarzal, 86",NULL,Madrid,NULL,28034,Spain,EMEA,Freyre,Diego,Medium
10359,25,64.93000031,4,1623.25,15/12/04,Shipped,4,12,2004,Trains,58,S50_1514,Reims Collectables,26.47.1555,59 rue de l'Abbaye,NULL,Reims,NULL,51100,France,EMEA,Henriot,Paul,Small
10372,24,58.58000183,9,1405.920044,26/1/05,Shipped,1,1,2005,Trains,58,S50_1514,"Tokyo Collectables, Ltd",+81 3 3584 0555,2-2-8 Roppongi,NULL,Minato-ku,Tokyo,106-0032,Japan,Japan,Shimamura,Akiko,Small
10383,38,60.06000137,10,2282.280029,22/2/05,Shipped,1,2,2005,Trains,58,S50_1514,Euro Shopping Channel,(91) 555 94 44,"C/ Moralzarzal, 86",NULL,Madrid,NULL,28034,Spain,EMEA,Freyre,Diego,Small
10395,45,100,3,8977.049805,17/3/05,Shipped,1,3,2005,Trains,58,S50_1514,Lyon Souveniers,+33 1 46 62 7555,27 rue du Colonel Pierre Avia,NULL,Paris,NULL,75508,France,EMEA,Da Cunha,Daniel,Large
10413,51,63.84999847,4,3256.350098,5/5/2005,Shipped,2,5,2005,Trains,58,S50_1514,Gift Depot Inc.,2035552570,25593 South Bay Ln.,NULL,Bridgewater,CT,97562,USA,NA,King,Julie,Medium
10108,34,82.98999786,14,2821.659912,3/3/2003,Shipped,1,3,2003,Motorcycles,81,S50_4713,Cruz & Sons Co.,+63 2 555 3587,15 McCallum Street - NatWest Center #13-03,NULL,Makati City,NULL,1227 MM,Philippines,Japan,Cruz,Arnold,Small
10121,44,74.84999847,1,3293.399902,7/5/2003,Shipped,2,5,2003,Motorcycles,81,S50_4713,Reims Collectables,26.47.1555,59 rue de l'Abbaye,NULL,Reims,NULL,51100,France,EMEA,Henriot,Paul,Medium
10135,44,96,15,4224,2/7/2003,Shipped,3,7,2003,Motorcycles,81,S50_4713,Mini Gifts Distributors Ltd.,4155551450,5677 Strong St.,NULL,San Rafael,CA,97562,USA,NA,Nelson,Valarie,Medium
10145,38,81.36000061,2,3091.679932,25/8/03,Shipped,3,8,2003,Motorcycles,81,S50_4713,Toys4GrownUps.com,6265557265,78934 Hillside Dr.,NULL,Pasadena,CA,90003,USA,NA,Young,Julie,Medium
10159,31,71.59999847,10,2219.600098,10/10/2003,Shipped,4,10,2003,Motorcycles,81,S50_4713,Corporate Gift Ideas Co.,6505551386,7734 Strong St.,NULL,San Francisco,CA,NULL,USA,NA,Brown,Julie,Small
10169,48,80.55000305,10,3866.399902,4/11/2003,Shipped,4,11,2003,Motorcycles,81,S50_4713,"Anna's Decorations, Ltd",02 9936 8555,201 Miller Street,Level 15,North Sydney,NSW,2060,Australia,APAC,O'Hara,Anna,Medium
10180,21,93.55999756,5,1964.76001,11/11/2003,Shipped,4,11,2003,Motorcycles,81,S50_4713,Daedalus Designs Imports,20.16.1555,"184, chausse de Tournai",NULL,Lille,NULL,59000,France,EMEA,Rance,Martine,Small
10190,40,66.72000122,2,2668.800049,19/11/03,Shipped,4,11,2003,Motorcycles,81,S50_4713,Euro Shopping Channel,(91) 555 94 44,"C/ Moralzarzal, 86",NULL,Madrid,NULL,28034,Spain,EMEA,Freyre,Diego,Small
10211,40,80.55000305,10,3222,15/1/04,Shipped,1,1,2004,Motorcycles,81,S50_4713,Auto Canal Petit,(1) 47.55.6555,"25, rue Lauriston",NULL,Paris,NULL,75016,France,EMEA,Perrier,Dominique,Medium
10224,50,77.29000092,3,3864.5,21/2/04,Shipped,1,2,2004,Motorcycles,81,S50_4713,Daedalus Designs Imports,20.16.1555,"184, chausse de Tournai",NULL,Lille,NULL,59000,France,EMEA,Rance,Martine,Medium
10237,20,68.33999634,3,1366.800049,5/4/2004,Shipped,2,4,2004,Motorcycles,81,S50_4713,Vitachrome Inc.,2125551500,2678 Kingston Rd.,Suite 101,NYC,NY,10022,USA,NA,Frick,Michael,Small
10252,48,72.41000366,7,3475.679932,26/5/04,Shipped,2,5,2004,Motorcycles,81,S50_4713,Auto Canal Petit,(1) 47.55.6555,"25, rue Lauriston",NULL,Paris,NULL,75016,France,EMEA,Perrier,Dominique,Medium
10264,47,89.5,5,4206.5,30/6/04,Shipped,2,6,2004,Motorcycles,81,S50_4713,Gifts4AllAges.com,6175559555,8616 Spinnaker Dr.,NULL,Boston,MA,51003,USA,NA,Yoshido,Juri,Medium
10276,21,70.77999878,11,1486.380005,2/8/2004,Shipped,3,8,2004,Motorcycles,81,S50_4713,Online Mini Collectables,6175557555,7635 Spinnaker Dr.,NULL,Brickhaven,MA,58339,USA,NA,Barajas,Miguel,Small
10285,39,78.91999817,2,3077.879883,27/8/04,Shipped,3,8,2004,Motorcycles,81,S50_4713,Marta's Replicas Co.,6175558555,39323 Spinnaker Dr.,NULL,Cambridge,MA,51247,USA,NA,Hernandez,Marta,Medium
10299,44,80.55000305,5,3544.199951,30/9/04,Shipped,3,9,2004,Motorcycles,81,S50_4713,"Toys of Finland, Co.",90-224 8555,Keskuskatu 45,NULL,Helsinki,NULL,21240,Finland,EMEA,Karttunen,Matti,Medium
10309,28,88.68000031,1,2483.040039,15/10/04,Shipped,4,10,2004,Motorcycles,81,S50_4713,Baane Mini Imports,07-98 9555,Erling Skakkes gate 78,NULL,Stavern,NULL,4110,Norway,EMEA,Bergulfsen,Jonas,Small
10319,45,77.29000092,6,3478.050049,3/11/2004,Shipped,4,11,2004,Motorcycles,81,S50_4713,Microscale Inc.,2125551957,5290 North Pendale Street,Suite 200,NYC,NY,10022,USA,NA,Kuo,Kee,Medium
10331,20,100,5,3657.800049,17/11/04,Shipped,4,11,2004,Motorcycles,81,S50_4713,Motor Mint Distributors Inc.,2155559857,11328 Douglas Av.,NULL,Philadelphia,PA,71270,USA,NA,Hernandez,Rosa,Medium
10341,38,100,3,4682.359863,24/11/04,Shipped,4,11,2004,Motorcycles,81,S50_4713,Salzburg Collectables,6562-9555,Geislweg 14,NULL,Salzburg,NULL,5020,Austria,EMEA,Pipps,Georg,Medium
10356,26,100,4,3937.699951,9/12/2004,Shipped,4,12,2004,Motorcycles,81,S50_4713,Lyon Souveniers,+33 1 46 62 7555,27 rue du Colonel Pierre Avia,NULL,Paris,NULL,75508,France,EMEA,Da Cunha,Daniel,Medium
10365,44,100,2,4984.319824,7/1/2005,Shipped,1,1,2005,Motorcycles,81,S50_4713,Mini Creations Ltd.,5085559555,4575 Hillside Dr.,NULL,New Bedford,MA,50553,USA,NA,Tam,Wing C,Medium
10375,49,100,8,5406.660156,3/2/2005,Shipped,1,2,2005,Motorcycles,81,S50_4713,La Rochelle Gifts,40.67.8555,"67, rue des Cinquante Otages",NULL,Nantes,NULL,44000,France,EMEA,Labrune,Janine,Medium
10390,22,100,13,3491.179932,4/3/2005,Shipped,1,3,2005,Motorcycles,81,S50_4713,Mini Gifts Distributors Ltd.,4155551450,5677 Strong St.,NULL,San Rafael,CA,97562,USA,NA,Nelson,Valarie,Medium
10403,31,68.33999634,3,2118.540039,8/4/2005,Shipped,2,4,2005,Motorcycles,81,S50_4713,"UK Collectables, Ltd.",(171) 555-2282,Berkeley Gardens 12  Brewery,NULL,Liverpool,NULL,WX1 6LT,UK,EMEA,Devon,Elizabeth,Small
10105,41,70.66999817,5,2897.469971,11/2/2003,Shipped,1,2,2003,Ships,66,S700_1138,Danish Wholesale Imports,31 12 3555,Vinb'ltet 34,NULL,Kobenhavn,NULL,1734,Denmark,EMEA,Petersen,Jytte,Small
10119,25,76.66999817,14,1916.75,28/4/03,Shipped,2,4,2003,Ships,66,S700_1138,Salzburg Collectables,6562-9555,Geislweg 14,NULL,Salzburg,NULL,5020,Austria,EMEA,Pipps,Georg,Small
10129,31,60,5,1860,12/6/2003,Shipped,2,6,2003,Ships,66,S700_1138,"Stylish Desk Decors, Co.",(171) 555-0297,35 King George,NULL,London,NULL,WX3 6FW,UK,EMEA,Brown,Ann,Small
10142,41,64,2,2624,8/8/2003,Shipped,3,8,2003,Ships,66,S700_1138,Mini Gifts Distributors Ltd.,4155551450,5677 Strong St.,NULL,San Rafael,CA,97562,USA,NA,Nelson,Valarie,Small
10153,43,64.66999817,1,2780.810059,28/9/03,Shipped,3,9,2003,Ships,66,S700_1138,Euro Shopping Channel,(91) 555 94 44,"C/ Moralzarzal, 86",NULL,Madrid,NULL,28034,Spain,EMEA,Freyre,Diego,Small
10167,43,75.33999634,12,3239.620117,23/10/03,Cancelled,4,10,2003,Ships,66,S700_1138,Scandinavian Gift Ideas,0695-34 6555,?kergatan 24,NULL,Boras,NULL,S-844 67,Sweden,EMEA,Larsson,Maria,Medium
10177,24,76,3,1824,7/11/2003,Shipped,4,11,2003,Ships,66,S700_1138,CAF Imports,+34 913 728 555,"Merchants House, 27-30 Merchant's Quay",NULL,Madrid,NULL,28023,Spain,EMEA,Fernandez,Jesus,Small
10185,21,54,3,1134,14/11/03,Shipped,4,11,2003,Ships,66,S700_1138,Mini Creations Ltd.,5085559555,4575 Hillside Dr.,NULL,New Bedford,MA,50553,USA,NA,Tam,Wing C,Small
10197,23,64.66999817,9,1487.410034,26/11/03,Shipped,4,11,2003,Ships,66,S700_1138,Enaco Distributors,(93) 203 4555,"Rambla de Catalu a, 23",NULL,Barcelona,NULL,8022,Spain,EMEA,Saavedra,Eduardo,Small
10208,38,74.66999817,3,2837.459961,2/1/2004,Shipped,1,1,2004,Ships,66,S700_1138,"Saveley & Henriot, Co.",78.32.5555,"2, rue du Commerce",NULL,Lyon,NULL,69004,France,EMEA,Saveley,Mary,Small
10222,31,62.66999817,15,1942.77002,19/2/04,Shipped,1,2,2004,Ships,66,S700_1138,Collectable Mini Designs Co.,7605558146,361 Furth Circle,NULL,San Diego,CA,91217,USA,NA,Thompson,Valarie,Small
10233,36,70.66999817,3,2544.120117,29/3/04,Shipped,1,3,2004,Ships,66,S700_1138,Tekni Collectables Inc.,2015559350,7476 Moss Rd.,NULL,Newark,NJ,94019,USA,NA,Brown,William,Small
10248,36,71.33999634,6,2568.23999,7/5/2004,Cancelled,2,5,2004,Ships,66,S700_1138,Land of Toys Inc.,2125557818,897 Long Airport Avenue,NULL,NYC,NY,10022,USA,NA,Yu,Kwai,Small
10261,34,62,4,2108,17/6/04,Shipped,2,6,2004,Ships,66,S700_1138,Quebec Home Shopping Network,(514) 555-8054,43 rue St. Laurent,NULL,Montreal,Quebec,H1J 1C3,Canada,NA,Fresnisre,Jean,Small
10273,21,65.33999634,7,1372.140015,21/7/04,Shipped,3,7,2004,Ships,66,S700_1138,Petit Auto,(02) 5554 67,Rue Joseph-Bens 532,NULL,Bruxelles,NULL,B-1180,Belgium,EMEA,Dewey,Catherine,Small
10283,45,78.66999817,9,3540.149902,20/8/04,Shipped,3,8,2004,Ships,66,S700_1138,"Royal Canadian Collectables, Ltd.",(604) 555-4555,23 Tsawassen Blvd.,NULL,Tsawassen,BC,T2F 8M4,Canada,NA,Lincoln,Elizabeth,Medium
10295,26,75.33999634,4,1958.839966,10/9/2004,Shipped,3,9,2004,Ships,66,S700_1138,Gifts4AllAges.com,6175559555,8616 Spinnaker Dr.,NULL,Boston,MA,51003,USA,NA,Yoshido,Juri,Small
10306,50,54,3,2700,14/10/04,Shipped,4,10,2004,Ships,66,S700_1138,"AV Stores, Co.",(171) 555-1555,Fauntleroy Circus,NULL,Manchester,NULL,EC2 5NT,UK,EMEA,Ashworth,Victoria,Small
10315,41,62,2,2542,29/10/04,Shipped,4,10,2004,Ships,66,S700_1138,La Rochelle Gifts,40.67.8555,"67, rue des Cinquante Otages",NULL,Nantes,NULL,44000,France,EMEA,Labrune,Janine,Small
10326,39,60,1,2340,9/11/2004,Shipped,4,11,2004,Ships,66,S700_1138,"Volvo Model Replicas, Co",0921-12 3555,Berguvsv gen  8,NULL,Lule,NULL,S-958 22,Sweden,EMEA,Berglund,Christina,Small
10339,22,100,5,2816.439941,23/11/04,Shipped,4,11,2004,Ships,66,S700_1138,"Tokyo Collectables, Ltd",+81 3 3584 0555,2-2-8 Roppongi,NULL,Minato-ku,Tokyo,106-0032,Japan,Japan,Shimamura,Akiko,Small
10350,46,76.66999817,11,3526.820068,2/12/2004,Shipped,4,12,2004,Ships,66,S700_1138,Euro Shopping Channel,(91) 555 94 44,"C/ Moralzarzal, 86",NULL,Madrid,NULL,28034,Spain,EMEA,Freyre,Diego,Medium
10373,44,100,14,4627.919922,31/1/05,Shipped,1,1,2005,Ships,66,S700_1138,"Oulu Toy Supplies, Inc.",981-443655,Torikatu 38,NULL,Oulu,NULL,90110,Finland,EMEA,Koskitalo,Pirkko,Medium
10385,25,77.33999634,1,1933.5,28/2/05,Shipped,1,2,2005,Ships,66,S700_1138,Mini Gifts Distributors Ltd.,4155551450,5677 Strong St.,NULL,San Rafael,CA,97562,USA,NA,Nelson,Valarie,Small
10396,39,66.66999817,1,2600.129883,23/3/05,Shipped,1,3,2005,Ships,66,S700_1138,Mini Gifts Distributors Ltd.,4155551450,5677 Strong St.,NULL,San Rafael,CA,97562,USA,NA,Nelson,Valarie,Small
10414,37,71.33999634,6,2639.580078,6/5/2005,On Hold,2,5,2005,Ships,66,S700_1138,Gifts4AllAges.com,6175559555,8616 Spinnaker Dr.,NULL,Boston,MA,51003,USA,NA,Yoshido,Juri,Small
10106,31,100,7,3312.969971,17/2/03,Shipped,1,2,2003,Planes,91,S700_1691,Rovelli Gifts,035-640555,Via Ludovico il Moro 22,NULL,Bergamo,NULL,24100,Italy,EMEA,Rovelli,Giovanni,Medium
10120,47,82.20999908,13,3863.870117,29/4/03,Shipped,2,4,2003,Planes,91,S700_1691,"Australian Collectors, Co.",03 9520 4555,636 St Kilda Road,Level 3,Melbourne,Victoria,3004,Australia,APAC,Ferguson,Peter,Medium
10133,24,77.63999939,8,1863.359985,27/6/03,Shipped,2,6,2003,Planes,91,S700_1691,Euro Shopping Channel,(91) 555 94 44,"C/ Moralzarzal, 86",NULL,Madrid,NULL,28034,Spain,EMEA,Freyre,Diego,Small
10143,36,100,2,3945.959961,10/8/2003,Shipped,3,8,2003,Planes,91,S700_1691,Mini Creations Ltd.,5085559555,4575 Hillside Dr.,NULL,New Bedford,MA,50553,USA,NA,Tam,Wing C,Medium
10156,48,100,2,4954.080078,8/10/2003,Shipped,4,10,2003,Planes,91,S700_1691,Euro Shopping Channel,(91) 555 94 44,"C/ Moralzarzal, 86",NULL,Madrid,NULL,28034,Spain,EMEA,Freyre,Diego,Medium
10168,28,98.65000153,14,2762.199951,28/10/03,Shipped,4,10,2003,Planes,91,S700_1691,Technics Stores Inc.,6505556809,9408 Furth Circle,NULL,Burlingame,CA,94217,USA,NA,Hirano,Juri,Small
10199,48,83.12000275,2,3989.76001,1/12/2003,Shipped,4,12,2003,Planes,91,S700_1691,West Coast Collectables Co.,3105553722,3675 Furth Circle,NULL,Burbank,CA,94019,USA,NA,Thompson,Steve,Medium
10210,21,78.55000305,12,1649.550049,12/1/2004,Shipped,1,1,2004,Planes,91,S700_1691,Osaka Souveniers Co.,+81 06 6342 5555,"Dojima Avanza 4F, 1-6-20 Dojima, Kita-ku",NULL,Osaka,Osaka,530-0003,Japan,Japan,Kentary,Mory,Small
10223,25,100,14,2534.75,20/2/04,Shipped,1,2,2004,Planes,91,S700_1691,"Australian Collectors, Co.",03 9520 4555,636 St Kilda Road,Level 3,Melbourne,Victoria,3004,Australia,APAC,Ferguson,Peter,Small
10235,25,100,8,2580.25,2/4/2004,Shipped,2,4,2004,Planes,91,S700_1691,"Royal Canadian Collectables, Ltd.",(604) 555-4555,23 Tsawassen Blvd.,NULL,Tsawassen,BC,T2F 8M4,Canada,NA,Lincoln,Elizabeth,Small
10250,31,91.33999634,9,2831.540039,11/5/2004,Shipped,2,5,2004,Planes,91,S700_1691,The Sharp Gifts Warehouse,4085553659,3086 Ingle Ln.,NULL,San Jose,CA,94217,USA,NA,Frick,Sue,Small
10262,40,84.02999878,4,3361.199951,24/6/04,Cancelled,2,6,2004,Planes,91,S700_1691,Euro Shopping Channel,(91) 555 94 44,"C/ Moralzarzal, 86",NULL,Madrid,NULL,28034,Spain,EMEA,Freyre,Diego,Medium
10275,32,89.51000214,14,2864.320068,23/7/04,Shipped,3,7,2004,Planes,91,S700_1691,La Rochelle Gifts,40.67.8555,"67, rue des Cinquante Otages",NULL,Nantes,NULL,44000,France,EMEA,Labrune,Janine,Small
10284,24,83.12000275,6,1994.880005,21/8/04,Shipped,3,8,2004,Planes,91,S700_1691,"Norway Gifts By Mail, Co.",+47 2212 1555,"Drammensveien 126 A, PB 744 Sentrum",NULL,Oslo,NULL,N 0106,Norway,EMEA,Klaeboe,Jan,Small
10296,42,100,2,4296.600098,15/9/04,Shipped,3,9,2004,Planes,91,S700_1691,"Bavarian Collectables Imports, Co.",+49 89 61 08 9555,Hansastr. 15,NULL,Munich,NULL,80686,Germany,EMEA,Donnermeyer,Michael,Medium
10308,21,100,12,2224.949951,15/10/04,Shipped,4,10,2004,Planes,91,S700_1691,Mini Classics,9145554562,3758 North Pendale Street,NULL,White Plains,NY,24067,USA,NA,Frick,Steve,Small
10316,34,82.20999908,4,2795.139893,1/11/2004,Shipped,4,11,2004,Planes,91,S700_1691,giftsbymail.co.uk,(198) 555-8888,Garden House Crowther Way,NULL,Cowes,Isle of Wight,PO31 7PJ,UK,EMEA,Bennett,Helen,Small
10328,27,100,8,2762.100098,12/11/2004,Shipped,4,11,2004,Planes,91,S700_1691,Rovelli Gifts,035-640555,Via Ludovico il Moro 22,NULL,Bergamo,NULL,24100,Italy,EMEA,Rovelli,Giovanni,Small
10340,30,88.59999847,5,2658,24/11/04,Shipped,4,11,2004,Planes,91,S700_1691,Enaco Distributors,(93) 203 4555,"Rambla de Catalu a, 23",NULL,Barcelona,NULL,8022,Spain,EMEA,Saavedra,Eduardo,Small
10353,39,100,9,5043.870117,4/12/2004,Shipped,4,12,2004,Planes,91,S700_1691,Gift Ideas Corp.,2035554407,2440 Pompton St.,NULL,Glendale,CT,97561,USA,NA,Lewis,Dan,Medium
10361,20,60.54000092,4,1210.800049,17/12/04,Shipped,4,12,2004,Planes,91,S700_1691,Souveniers And Things Co.,+61 2 9495 8555,"Monitor Money Building, 815 Pacific Hwy",Level 6,Chatswood,NSW,2067,Australia,APAC,Huxley,Adrian,Small
10375,37,81.87000275,6,3029.189941,3/2/2005,Shipped,1,2,2005,Planes,91,S700_1691,La Rochelle Gifts,40.67.8555,"67, rue des Cinquante Otages",NULL,Nantes,NULL,44000,France,EMEA,Labrune,Janine,Medium
10388,46,100,2,10066.59961,3/3/2005,Shipped,1,3,2005,Planes,91,S700_1691,FunGiftIdeas.com,5085552555,1785 First Street,NULL,New Bedford,MA,50553,USA,NA,Benitez,Violeta,Large
10398,47,87.69000244,6,4121.430176,30/3/05,Shipped,1,3,2005,Planes,91,S700_1691,Reims Collectables,26.47.1555,59 rue de l'Abbaye,NULL,Reims,NULL,51100,France,EMEA,Henriot,Paul,Medium
10401,11,100,8,1135.310059,3/4/2005,On Hold,2,4,2005,Planes,91,S700_1691,Tekni Collectables Inc.,2015559350,7476 Moss Rd.,NULL,Newark,NJ,94019,USA,NA,Brown,William,Small
10416,23,91.33999634,9,2100.820068,10/5/2005,Shipped,2,5,2005,Planes,91,S700_1691,L'ordine Souveniers,0522-556555,Strada Provinciale 124,NULL,Reggio Emilia,NULL,42100,Italy,EMEA,Moroni,Maurizio,Small
10105,29,70.15000153,12,2034.349976,11/2/2003,Shipped,1,2,2003,Ships,86,S700_1938,Danish Wholesale Imports,31 12 3555,Vinb'ltet 34,NULL,Kobenhavn,NULL,1734,Denmark,EMEA,Petersen,Jytte,Small
10117,38,79.68000031,6,3027.840088,16/4/03,Shipped,2,4,2003,Ships,86,S700_1938,"Dragon Souveniers, Ltd.",+65 221 7555,"Bronz Sok., Bronz Apt. 3/6 Tesvikiye",NULL,Singapore,NULL,79903,Singapore,Japan,Natividad,Eric,Medium
10128,32,97,3,3104,6/6/2003,Shipped,2,6,2003,Ships,86,S700_1938,Euro Shopping Channel,(91) 555 94 44,"C/ Moralzarzal, 86",NULL,Madrid,NULL,28034,Spain,EMEA,Freyre,Diego,Medium
10142,43,84.01000214,9,3612.429932,8/8/2003,Shipped,3,8,2003,Ships,86,S700_1938,Mini Gifts Distributors Ltd.,4155551450,5677 Strong St.,NULL,San Rafael,CA,97562,USA,NA,Nelson,Valarie,Medium
10153,31,87.48000336,8,2711.879883,28/9/03,Shipped,3,9,2003,Ships,86,S700_1938,Euro Shopping Channel,(91) 555 94 44,"C/ Moralzarzal, 86",NULL,Madrid,NULL,28034,Spain,EMEA,Freyre,Diego,Small
10166,29,100,3,3013.969971,21/10/03,Shipped,4,10,2003,Ships,86,S700_1938,FunGiftIdeas.com,5085552555,1785 First Street,NULL,New Bedford,MA,50553,USA,NA,Benitez,Violeta,Medium
10177,31,88.33999634,10,2738.540039,7/11/2003,Shipped,4,11,2003,Ships,86,S700_1938,CAF Imports,+34 913 728 555,"Merchants House, 27-30 Merchant's Quay",NULL,Madrid,NULL,28023,Spain,EMEA,Fernandez,Jesus,Small
10185,30,94.40000153,10,2832,14/11/03,Shipped,4,11,2003,Ships,86,S700_1938,Mini Creations Ltd.,5085559555,4575 Hillside Dr.,NULL,New Bedford,MA,50553,USA,NA,Tam,Wing C,Small
10196,50,94.40000153,2,4720,26/11/03,Shipped,4,11,2003,Ships,86,S700_1938,Super Scale Inc.,2035559545,567 North Pendale Street,NULL,New Haven,CT,97823,USA,NA,Murphy,Leslie,Medium
10208,40,80.55000305,10,3222,2/1/2004,Shipped,1,1,2004,Ships,86,S700_1938,"Saveley & Henriot, Co.",78.32.5555,"2, rue du Commerce",NULL,Lyon,NULL,69004,France,EMEA,Saveley,Mary,Medium
10221,23,97,4,2231,18/2/04,Shipped,1,2,2004,Ships,86,S700_1938,Petit Auto,(02) 5554 67,Rue Joseph-Bens 532,NULL,Bruxelles,NULL,B-1180,Belgium,EMEA,Dewey,Catherine,Small
10232,26,88.33999634,7,2296.840088,20/3/04,Shipped,1,3,2004,Ships,86,S700_1938,giftsbymail.co.uk,(198) 555-8888,Garden House Crowther Way,NULL,Cowes,Isle of Wight,PO31 7PJ,UK,EMEA,Bennett,Helen,Small
10248,40,100,13,4157.200195,7/5/2004,Cancelled,2,5,2004,Ships,86,S700_1938,Land of Toys Inc.,2125557818,897 Long Airport Avenue,NULL,NYC,NY,10022,USA,NA,Yu,Kwai,Medium
10273,21,100,14,2146.199951,21/7/04,Shipped,3,7,2004,Ships,86,S700_1938,Petit Auto,(02) 5554 67,Rue Joseph-Bens 532,NULL,Bruxelles,NULL,B-1180,Belgium,EMEA,Dewey,Catherine,Small
10282,43,86.61000061,2,3724.22998,20/8/04,Shipped,3,8,2004,Ships,86,S700_1938,Mini Gifts Distributors Ltd.,4155551450,5677 Strong St.,NULL,San Rafael,CA,97562,USA,NA,Nelson,Valarie,Medium
10293,29,71.88999939,5,2084.810059,9/9/2004,Shipped,3,9,2004,Ships,86,S700_1938,Amica Models & Co.,011-4988555,Via Monte Bianco 34,NULL,Torino,NULL,10100,Italy,EMEA,Accorti,Paolo,Small
10306,38,91.80999756,10,3488.780029,14/10/04,Shipped,4,10,2004,Ships,86,S700_1938,"AV Stores, Co.",(171) 555-1555,Fauntleroy Circus,NULL,Manchester,NULL,EC2 5NT,UK,EMEA,Ashworth,Victoria,Medium
10314,23,76.22000122,2,1753.060059,22/10/04,Shipped,4,10,2004,Ships,86,S700_1938,Heintze Collectables,86 21 3555,Smagsloget 45,NULL,Aaarhus,NULL,8200,Denmark,EMEA,Ibsen,Palle,Small
10327,20,100,7,3469.199951,10/11/2004,Resolved,4,11,2004,Ships,86,S700_1938,Danish Wholesale Imports,31 12 3555,Vinb'ltet 34,NULL,Kobenhavn,NULL,1734,Denmark,EMEA,Petersen,Jytte,Medium
10337,36,70.30000305,9,2530.800049,21/11/04,Shipped,4,11,2004,Ships,86,S700_1938,Classic Legends Inc.,2125558493,5905 Pompton St.,Suite 750,NYC,NY,10022,USA,NA,Hernandez,Maria,Small
10350,28,100,4,2924.320068,2/12/2004,Shipped,4,12,2004,Ships,86,S700_1938,Euro Shopping Channel,(91) 555 94 44,"C/ Moralzarzal, 86",NULL,Madrid,NULL,28034,Spain,EMEA,Freyre,Diego,Small
10372,44,100,2,4496.799805,26/1/05,Shipped,1,1,2005,Ships,86,S700_1938,"Tokyo Collectables, Ltd",+81 3 3584 0555,2-2-8 Roppongi,NULL,Minato-ku,Tokyo,106-0032,Japan,Japan,Shimamura,Akiko,Medium
10384,49,100,1,6397.439941,23/2/05,Shipped,1,2,2005,Ships,86,S700_1938,Corporate Gift Ideas Co.,6505551386,7734 Strong St.,NULL,San Francisco,CA,NULL,USA,NA,Brown,Julie,Medium
10397,32,80.55000305,5,2577.600098,28/3/05,Shipped,1,3,2005,Ships,86,S700_1938,Alpha Cognac,61.77.6555,1 rue Alsace-Lorraine,NULL,Toulouse,NULL,31000,France,EMEA,Roulet,Annette,Small
10414,34,100,13,3533.620117,6/5/2005,On Hold,2,5,2005,Ships,86,S700_1938,Gifts4AllAges.com,6175559555,8616 Spinnaker Dr.,NULL,Boston,MA,51003,USA,NA,Yoshido,Juri,Medium
10106,30,100,16,3177.300049,17/2/03,Shipped,1,2,2003,Ships,90,S700_2047,Rovelli Gifts,035-640555,Via Ludovico il Moro 22,NULL,Bergamo,NULL,24100,Italy,EMEA,Rovelli,Giovanni,Medium
10119,29,94.13999939,7,2730.060059,28/4/03,Shipped,2,4,2003,Ships,90,S700_2047,Salzburg Collectables,6562-9555,Geislweg 14,NULL,Salzburg,NULL,5020,Austria,EMEA,Pipps,Georg,Small
10131,22,85.98999786,8,1891.780029,16/6/03,Shipped,2,6,2003,Ships,90,S700_2047,Gift Ideas Corp.,2035554407,2440 Pompton St.,NULL,Glendale,CT,97561,USA,NA,Lewis,Dan,Small
10143,26,100,11,2612.47998,10/8/2003,Shipped,3,8,2003,Ships,90,S700_2047,Mini Creations Ltd.,5085559555,4575 Hillside Dr.,NULL,New Bedford,MA,50553,USA,NA,Tam,Wing C,Small
10155,32,91.43000031,9,2925.76001,6/10/2003,Shipped,4,10,2003,Ships,90,S700_2047,"Toys of Finland, Co.",90-224 8555,Keskuskatu 45,NULL,Helsinki,NULL,21240,Finland,EMEA,Karttunen,Matti,Small
10167,29,100,5,2940.02002,23/10/03,Cancelled,4,10,2003,Ships,90,S700_2047,Scandinavian Gift Ideas,0695-34 6555,?kergatan 24,NULL,Boras,NULL,S-844 67,Sweden,EMEA,Larsson,Maria,Small
10178,34,96.86000061,8,3293.23999,8/11/2003,Shipped,4,11,2003,Ships,90,S700_2047,Alpha Cognac,61.77.6555,1 rue Alsace-Lorraine,NULL,Toulouse,NULL,31000,France,EMEA,Roulet,Annette,Medium
10186,24,99.56999969,5,2389.679932,14/11/03,Shipped,4,11,2003,Ships,90,S700_2047,"Double Decker Gift Stores, Ltd",(171) 555-7555,120 Hanover Sq.,NULL,London,NULL,WA1 1DP,UK,EMEA,Hardy,Thomas,Small
10197,24,90.51999664,2,2172.47998,26/11/03,Shipped,4,11,2003,Ships,90,S700_2047,Enaco Distributors,(93) 203 4555,"Rambla de Catalu a, 23",NULL,Barcelona,NULL,8022,Spain,EMEA,Saavedra,Eduardo,Small
10209,33,88.70999908,4,2927.429932,9/1/2004,Shipped,1,1,2004,Ships,90,S700_2047,"Men 'R' US Retailers, Ltd.",2155554369,6047 Douglas Av.,NULL,Los Angeles,CA,NULL,USA,NA,Chandler,Michael,Small
10222,26,100,8,2659.540039,19/2/04,Shipped,1,2,2004,Ships,90,S700_2047,Collectable Mini Designs Co.,7605558146,361 Furth Circle,NULL,San Diego,CA,91217,USA,NA,Thompson,Valarie,Small
10249,40,95.94999695,4,3838,8/5/2004,Shipped,2,5,2004,Ships,90,S700_2047,Cambridge Collectables Co.,6175555555,4658 Baden Av.,NULL,Cambridge,MA,51247,USA,NA,Tseng,Kyung,Medium
10262,44,94.13999939,13,4142.160156,24/6/04,Cancelled,2,6,2004,Ships,90,S700_2047,Euro Shopping Channel,(91) 555 94 44,"C/ Moralzarzal, 86",NULL,Madrid,NULL,28034,Spain,EMEA,Freyre,Diego,Medium
10274,24,90.51999664,5,2172.47998,21/7/04,Shipped,3,7,2004,Ships,90,S700_2047,Collectables For Less Inc.,6175558555,7825 Douglas Av.,NULL,Brickhaven,MA,58339,USA,NA,Nelson,Allen,Small
10283,20,94.13999939,2,1882.800049,20/8/04,Shipped,3,8,2004,Ships,90,S700_2047,"Royal Canadian Collectables, Ltd.",(604) 555-4555,23 Tsawassen Blvd.,NULL,Tsawassen,BC,T2F 8M4,Canada,NA,Lincoln,Elizabeth,Small
10296,34,100,11,3477.860107,15/9/04,Shipped,3,9,2004,Ships,90,S700_2047,"Bavarian Collectables Imports, Co.",+49 89 61 08 9555,Hansastr. 15,NULL,Munich,NULL,80686,Germany,EMEA,Donnermeyer,Michael,Medium
10307,34,97.76000214,5,3323.840088,14/10/04,Shipped,4,10,2004,Ships,90,S700_2047,"Classic Gift Ideas, Inc",2155554695,782 First Street,NULL,Philadelphia,PA,71270,USA,NA,Cervantes,Francisca,Medium
10316,45,93.23999786,13,4195.799805,1/11/2004,Shipped,4,11,2004,Ships,90,S700_2047,giftsbymail.co.uk,(198) 555-8888,Garden House Crowther Way,NULL,Cowes,Isle of Wight,PO31 7PJ,UK,EMEA,Bennett,Helen,Medium
10328,41,100,9,4156.580078,12/11/2004,Shipped,4,11,2004,Ships,90,S700_2047,Rovelli Gifts,035-640555,Via Ludovico il Moro 22,NULL,Bergamo,NULL,24100,Italy,EMEA,Rovelli,Giovanni,Medium
10339,55,71.25,15,3918.75,23/11/04,Shipped,4,11,2004,Ships,90,S700_2047,"Tokyo Collectables, Ltd",+81 3 3584 0555,2-2-8 Roppongi,NULL,Minato-ku,Tokyo,106-0032,Japan,Japan,Shimamura,Akiko,Medium
10352,23,100,3,2352.669922,3/12/2004,Shipped,4,12,2004,Ships,90,S700_2047,Auto-Moto Classics Inc.,6175558428,16780 Pompton St.,NULL,Brickhaven,MA,58339,USA,NA,Taylor,Leslie,Small
10361,24,45.38999939,14,1089.359985,17/12/04,Shipped,4,12,2004,Ships,90,S700_2047,Souveniers And Things Co.,+61 2 9495 8555,"Monitor Money Building, 815 Pacific Hwy",Level 6,Chatswood,NSW,2067,Australia,APAC,Huxley,Adrian,Small
10373,32,84.41000366,15,2701.120117,31/1/05,Shipped,1,1,2005,Ships,90,S700_2047,"Oulu Toy Supplies, Inc.",981-443655,Torikatu 38,NULL,Oulu,NULL,90110,Finland,EMEA,Koskitalo,Pirkko,Small
10386,29,85.76000214,13,2487.040039,1/3/2005,Resolved,1,3,2005,Ships,90,S700_2047,Euro Shopping Channel,(91) 555 94 44,"C/ Moralzarzal, 86",NULL,Madrid,NULL,28034,Spain,EMEA,Freyre,Diego,Small
10398,36,100,7,3910.320068,30/3/05,Shipped,1,3,2005,Ships,90,S700_2047,Reims Collectables,26.47.1555,59 rue de l'Abbaye,NULL,Reims,NULL,51100,France,EMEA,Henriot,Paul,Medium
10400,46,87.80000305,5,4038.800049,1/4/2005,Shipped,2,4,2005,Ships,90,S700_2047,The Sharp Gifts Warehouse,4085553659,3086 Ingle Ln.,NULL,San Jose,CA,94217,USA,NA,Frick,Sue,Medium
10415,32,95.94999695,4,3070.399902,9/5/2005,Disputed,2,5,2005,Ships,90,S700_2047,"Australian Collectables, Ltd",61-9-3844-6555,7 Allen Street,NULL,Glen Waverly,Victoria,3150,Australia,APAC,Connery,Sean,Medium
10106,34,100,9,3763.459961,17/2/03,Shipped,1,2,2003,Planes,99,S700_2466,Rovelli Gifts,035-640555,Via Ludovico il Moro 22,NULL,Bergamo,NULL,24100,Italy,EMEA,Rovelli,Giovanni,Medium
10120,24,100,15,2584.800049,29/4/03,Shipped,2,4,2003,Planes,99,S700_2466,"Australian Collectors, Co.",03 9520 4555,636 St Kilda Road,Level 3,Melbourne,Victoria,3004,Australia,APAC,Ferguson,Peter,Small
10131,40,100,1,4427.600098,16/6/03,Shipped,2,6,2003,Planes,99,S700_2466,Gift Ideas Corp.,2035554407,2440 Pompton St.,NULL,Glendale,CT,97561,USA,NA,Lewis,Dan,Medium
10143,26,82.76999664,4,2152.02002,10/8/2003,Shipped,3,8,2003,Planes,99,S700_2466,Mini Creations Ltd.,5085559555,4575 Hillside Dr.,NULL,New Bedford,MA,50553,USA,NA,Tam,Wing C,Small
10155,20,100,2,2353.399902,6/10/2003,Shipped,4,10,2003,Planes,99,S700_2466,"Toys of Finland, Co.",90-224 8555,Keskuskatu 45,NULL,Helsinki,NULL,21240,Finland,EMEA,Karttunen,Matti,Small
10168,31,100,16,3431.389893,28/10/03,Shipped,4,10,2003,Planes,99,S700_2466,Technics Stores Inc.,6505556809,9408 Furth Circle,NULL,Burlingame,CA,94217,USA,NA,Hirano,Juri,Medium
10178,22,87.75,1,1930.5,8/11/2003,Shipped,4,11,2003,Planes,99,S700_2466,Alpha Cognac,61.77.6555,1 rue Alsace-Lorraine,NULL,Toulouse,NULL,31000,France,EMEA,Roulet,Annette,Small
10198,42,100,1,4774.560059,27/11/03,Shipped,4,11,2003,Planes,99,S700_2466,Cruz & Sons Co.,+63 2 555 3587,15 McCallum Street - NatWest Center #13-03,NULL,Makati City,NULL,1227 MM,Philippines,Japan,Cruz,Arnold,Medium
10210,26,99.72000122,14,2592.719971,12/1/2004,Shipped,1,1,2004,Planes,99,S700_2466,Osaka Souveniers Co.,+81 06 6342 5555,"Dojima Avanza 4F, 1-6-20 Dojima, Kita-ku",NULL,Osaka,Osaka,530-0003,Japan,Japan,Kentary,Mory,Small
10222,37,87.75,1,3246.75,19/2/04,Shipped,1,2,2004,Planes,99,S700_2466,Collectable Mini Designs Co.,7605558146,361 Furth Circle,NULL,San Diego,CA,91217,USA,NA,Thompson,Valarie,Medium
10235,38,88.75,10,3372.5,2/4/2004,Shipped,2,4,2004,Planes,99,S700_2466,"Royal Canadian Collectables, Ltd.",(604) 555-4555,23 Tsawassen Blvd.,NULL,Tsawassen,BC,T2F 8M4,Canada,NA,Lincoln,Elizabeth,Medium
10250,35,100,11,3909.149902,11/5/2004,Shipped,2,5,2004,Planes,99,S700_2466,The Sharp Gifts Warehouse,4085553659,3086 Ingle Ln.,NULL,San Jose,CA,94217,USA,NA,Frick,Sue,Medium
10262,33,90.75,6,2994.75,24/6/04,Cancelled,2,6,2004,Planes,99,S700_2466,Euro Shopping Channel,(91) 555 94 44,"C/ Moralzarzal, 86",NULL,Madrid,NULL,28034,Spain,EMEA,Freyre,Diego,Small
10275,39,100,16,4472.52002,23/7/04,Shipped,3,7,2004,Planes,99,S700_2466,La Rochelle Gifts,40.67.8555,"67, rue des Cinquante Otages",NULL,Nantes,NULL,44000,France,EMEA,Labrune,Janine,Medium
10284,45,100,8,4576.950195,21/8/04,Shipped,3,8,2004,Planes,99,S700_2466,"Norway Gifts By Mail, Co.",+47 2212 1555,"Drammensveien 126 A, PB 744 Sentrum",NULL,Oslo,NULL,N 0106,Norway,EMEA,Klaeboe,Jan,Medium
10296,24,100,4,2441.040039,15/9/04,Shipped,3,9,2004,Planes,99,S700_2466,"Bavarian Collectables Imports, Co.",+49 89 61 08 9555,Hansastr. 15,NULL,Munich,NULL,80686,Germany,EMEA,Donnermeyer,Michael,Small
10308,35,88.75,14,3106.25,15/10/04,Shipped,4,10,2004,Planes,99,S700_2466,Mini Classics,9145554562,3758 North Pendale Street,NULL,White Plains,NY,24067,USA,NA,Frick,Steve,Medium
10316,23,100,6,2706.409912,1/11/2004,Shipped,4,11,2004,Planes,99,S700_2466,giftsbymail.co.uk,(198) 555-8888,Garden House Crowther Way,NULL,Cowes,Isle of Wight,PO31 7PJ,UK,EMEA,Bennett,Helen,Small
10328,37,100,10,4021.530029,12/11/2004,Shipped,4,11,2004,Planes,99,S700_2466,Rovelli Gifts,035-640555,Via Ludovico il Moro 22,NULL,Bergamo,NULL,24100,Italy,EMEA,Rovelli,Giovanni,Medium
10340,55,87.75,7,4826.25,24/11/04,Shipped,4,11,2004,Planes,99,S700_2466,Enaco Distributors,(93) 203 4555,"Rambla de Catalu a, 23",NULL,Barcelona,NULL,8022,Spain,EMEA,Saavedra,Eduardo,Medium
10352,49,100,2,4935.279785,3/12/2004,Shipped,4,12,2004,Planes,99,S700_2466,Auto-Moto Classics Inc.,6175558428,16780 Pompton St.,NULL,Brickhaven,MA,58339,USA,NA,Taylor,Leslie,Medium
10361,26,100,9,2754.699951,17/12/04,Shipped,4,12,2004,Planes,99,S700_2466,Souveniers And Things Co.,+61 2 9495 8555,"Monitor Money Building, 815 Pacific Hwy",Level 6,Chatswood,NSW,2067,Australia,APAC,Huxley,Adrian,Small
10375,33,100,1,3856.709961,3/2/2005,Shipped,1,2,2005,Planes,99,S700_2466,La Rochelle Gifts,40.67.8555,"67, rue des Cinquante Otages",NULL,Nantes,NULL,44000,France,EMEA,Labrune,Janine,Medium
10386,37,83.83999634,14,3102.080078,1/3/2005,Resolved,1,3,2005,Planes,99,S700_2466,Euro Shopping Channel,(91) 555 94 44,"C/ Moralzarzal, 86",NULL,Madrid,NULL,28034,Spain,EMEA,Freyre,Diego,Medium
10398,22,86.76000214,8,1908.719971,30/3/05,Shipped,1,3,2005,Planes,99,S700_2466,Reims Collectables,26.47.1555,59 rue de l'Abbaye,NULL,Reims,NULL,51100,France,EMEA,Henriot,Paul,Small
10401,85,88.75,10,7543.75,3/4/2005,On Hold,2,4,2005,Planes,99,S700_2466,Tekni Collectables Inc.,2015559350,7476 Moss Rd.,NULL,Newark,NJ,94019,USA,NA,Brown,William,Large
10416,22,100,11,2457.179932,10/5/2005,Shipped,2,5,2005,Planes,99,S700_2466,L'ordine Souveniers,0522-556555,Strada Provinciale 124,NULL,Reggio Emilia,NULL,42100,Italy,EMEA,Moroni,Maurizio,Small
10105,31,65.76999664,3,2038.869995,11/2/2003,Shipped,1,2,2003,Ships,72,S700_2610,Danish Wholesale Imports,31 12 3555,Vinb'ltet 34,NULL,Kobenhavn,NULL,1734,Denmark,EMEA,Petersen,Jytte,Small
10119,38,65.76999664,12,2499.26001,28/4/03,Shipped,2,4,2003,Ships,72,S700_2610,Salzburg Collectables,6562-9555,Geislweg 14,NULL,Salzburg,NULL,5020,Austria,EMEA,Pipps,Georg,Small
10129,45,85.29000092,3,3838.050049,12/6/2003,Shipped,2,6,2003,Ships,72,S700_2610,"Stylish Desk Decors, Co.",(171) 555-0297,35 King George,NULL,London,NULL,WX3 6FW,UK,EMEA,Brown,Ann,Medium
10143,31,85.29000092,16,2643.98999,10/8/2003,Shipped,3,8,2003,Ships,72,S700_2610,Mini Creations Ltd.,5085559555,4575 Hillside Dr.,NULL,New Bedford,MA,50553,USA,NA,Tam,Wing C,Small
10154,36,64.33000183,1,2315.879883,2/10/2003,Shipped,4,10,2003,Ships,72,S700_2610,Boards & Toys Co.,3105552373,4097 Douglas Av.,NULL,Glendale,CA,92561,USA,NA,Young,Leslie,Small
10167,46,70.11000061,10,3225.060059,23/10/03,Cancelled,4,10,2003,Ships,72,S700_2610,Scandinavian Gift Ideas,0695-34 6555,?kergatan 24,NULL,Boras,NULL,S-844 67,Sweden,EMEA,Larsson,Maria,Medium
10177,32,76.62000275,1,2451.840088,7/11/2003,Shipped,4,11,2003,Ships,72,S700_2610,CAF Imports,+34 913 728 555,"Merchants House, 27-30 Merchant's Quay",NULL,Madrid,NULL,28023,Spain,EMEA,Fernandez,Jesus,Small
10185,39,57.81999969,1,2254.97998,14/11/03,Shipped,4,11,2003,Ships,72,S700_2610,Mini Creations Ltd.,5085559555,4575 Hillside Dr.,NULL,New Bedford,MA,50553,USA,NA,Tam,Wing C,Small
10197,50,78.79000092,7,3939.5,26/11/03,Shipped,4,11,2003,Ships,72,S700_2610,Enaco Distributors,(93) 203 4555,"Rambla de Catalu a, 23",NULL,Barcelona,NULL,8022,Spain,EMEA,Saavedra,Eduardo,Medium
10208,46,74.44999695,1,3424.699951,2/1/2004,Shipped,1,1,2004,Ships,72,S700_2610,"Saveley & Henriot, Co.",78.32.5555,"2, rue du Commerce",NULL,Lyon,NULL,69004,France,EMEA,Saveley,Mary,Medium
10222,36,80.94999695,13,2914.199951,19/2/04,Shipped,1,2,2004,Ships,72,S700_2610,Collectable Mini Designs Co.,7605558146,361 Furth Circle,NULL,San Diego,CA,91217,USA,NA,Thompson,Valarie,Small
10233,29,82.40000153,1,2389.600098,29/3/04,Shipped,1,3,2004,Ships,72,S700_2610,Tekni Collectables Inc.,2015559350,7476 Moss Rd.,NULL,Newark,NJ,94019,USA,NA,Brown,William,Small
10248,32,75.88999939,4,2428.47998,7/5/2004,Cancelled,2,5,2004,Ships,72,S700_2610,Land of Toys Inc.,2125557818,897 Long Airport Avenue,NULL,NYC,NY,10022,USA,NA,Yu,Kwai,Small
10261,44,68.66999817,2,3021.47998,17/6/04,Shipped,2,6,2004,Ships,72,S700_2610,Quebec Home Shopping Network,(514) 555-8054,43 rue St. Laurent,NULL,Montreal,Quebec,H1J 1C3,Canada,NA,Fresnisre,Jean,Medium
10273,42,62.15999985,5,2610.719971,21/7/04,Shipped,3,7,2004,Ships,72,S700_2610,Petit Auto,(02) 5554 67,Rue Joseph-Bens 532,NULL,Bruxelles,NULL,B-1180,Belgium,EMEA,Dewey,Catherine,Small
10283,47,65.76999664,7,3091.189941,20/8/04,Shipped,3,8,2004,Ships,72,S700_2610,"Royal Canadian Collectables, Ltd.",(604) 555-4555,23 Tsawassen Blvd.,NULL,Tsawassen,BC,T2F 8M4,Canada,NA,Lincoln,Elizabeth,Medium
10295,44,58.54999924,2,2576.199951,10/9/2004,Shipped,3,9,2004,Ships,72,S700_2610,Gifts4AllAges.com,6175559555,8616 Spinnaker Dr.,NULL,Boston,MA,51003,USA,NA,Yoshido,Juri,Small
10306,43,75.16999817,1,3232.310059,14/10/04,Shipped,4,10,2004,Ships,72,S700_2610,"AV Stores, Co.",(171) 555-1555,Fauntleroy Circus,NULL,Manchester,NULL,EC2 5NT,UK,EMEA,Ashworth,Victoria,Medium
10316,48,74.44999695,18,3573.600098,1/11/2004,Shipped,4,11,2004,Ships,72,S700_2610,giftsbymail.co.uk,(198) 555-8888,Garden House Crowther Way,NULL,Cowes,Isle of Wight,PO31 7PJ,UK,EMEA,Bennett,Helen,Medium
10327,21,96.30999756,1,2022.51001,10/11/2004,Resolved,4,11,2004,Ships,72,S700_2610,Danish Wholesale Imports,31 12 3555,Vinb'ltet 34,NULL,Kobenhavn,NULL,1734,Denmark,EMEA,Petersen,Jytte,Small
10339,50,74.34999847,9,3717.5,23/11/04,Shipped,4,11,2004,Ships,72,S700_2610,"Tokyo Collectables, Ltd",+81 3 3584 0555,2-2-8 Roppongi,NULL,Minato-ku,Tokyo,106-0032,Japan,Japan,Shimamura,Akiko,Medium
10350,29,75.34999847,12,2185.149902,2/12/2004,Shipped,4,12,2004,Ships,72,S700_2610,Euro Shopping Channel,(91) 555 94 44,"C/ Moralzarzal, 86",NULL,Madrid,NULL,28034,Spain,EMEA,Freyre,Diego,Small
10373,41,70.33000183,16,2883.530029,31/1/05,Shipped,1,1,2005,Ships,72,S700_2610,"Oulu Toy Supplies, Inc.",981-443655,Torikatu 38,NULL,Oulu,NULL,90110,Finland,EMEA,Koskitalo,Pirkko,Small
10386,37,100,10,5017.569824,1/3/2005,Resolved,1,3,2005,Ships,72,S700_2610,Euro Shopping Channel,(91) 555 94 44,"C/ Moralzarzal, 86",NULL,Madrid,NULL,28034,Spain,EMEA,Freyre,Diego,Medium
10397,22,66.5,4,1463,28/3/05,Shipped,1,3,2005,Ships,72,S700_2610,Alpha Cognac,61.77.6555,1 rue Alsace-Lorraine,NULL,Toulouse,NULL,31000,France,EMEA,Roulet,Annette,Small
10414,31,75.88999939,4,2352.590088,6/5/2005,On Hold,2,5,2005,Ships,72,S700_2610,Gifts4AllAges.com,6175559555,8616 Spinnaker Dr.,NULL,Boston,MA,51003,USA,NA,Yoshido,Juri,Small
10103,42,100,6,4460.819824,29/1/03,Shipped,1,1,2003,Classic Cars,101,S700_2824,Baane Mini Imports,07-98 9555,Erling Skakkes gate 78,NULL,Stavern,NULL,4110,Norway,EMEA,Bergulfsen,Jonas,Medium
10114,42,100,10,4758.180176,1/4/2003,Shipped,2,4,2003,Classic Cars,101,S700_2824,"La Corne D'abondance, Co.",(1) 42.34.2555,"265, boulevard Charonne",NULL,Paris,NULL,75012,France,EMEA,Bertrand,Marie,Medium
10126,45,100,6,4597.200195,28/5/03,Shipped,2,5,2003,Classic Cars,101,S700_2824,"Corrida Auto Replicas, Ltd",(91) 555 22 82,"C/ Araquil, 67",NULL,Madrid,NULL,28023,Spain,EMEA,Sommer,Mart n,Medium
10140,36,100,6,4114.799805,24/7/03,Shipped,3,7,2003,Classic Cars,101,S700_2824,Technics Stores Inc.,6505556809,9408 Furth Circle,NULL,Burlingame,CA,94217,USA,NA,Hirano,Juri,Medium
10150,20,100,3,2104,19/9/03,Shipped,3,9,2003,Classic Cars,101,S700_2824,"Dragon Souveniers, Ltd.",+65 221 7555,"Bronz Sok., Bronz Apt. 3/6 Tesvikiye",NULL,Singapore,NULL,79903,Singapore,Japan,Natividad,Eric,Small
10164,39,81.93000031,4,3195.27002,21/10/03,Resolved,4,10,2003,Classic Cars,101,S700_2824,Mini Auto Werke,7675-3555,Kirchgasse 6,NULL,Graz,NULL,8010,Austria,EMEA,Mendel,Roland,Medium
10175,42,85.98000336,11,3611.159912,6/11/2003,Shipped,4,11,2003,Classic Cars,101,S700_2824,"Stylish Desk Decors, Co.",(171) 555-0297,35 King George,NULL,London,NULL,WX3 6FW,UK,EMEA,Brown,Ann,Medium
10183,23,86.98999786,3,2000.77002,13/11/03,Shipped,4,11,2003,Classic Cars,101,S700_2824,"Classic Gift Ideas, Inc",2155554695,782 First Street,NULL,Philadelphia,PA,71270,USA,NA,Cervantes,Francisca,Small
10194,26,89.01000214,6,2314.26001,25/11/03,Shipped,4,11,2003,Classic Cars,101,S700_2824,"Saveley & Henriot, Co.",78.32.5555,"2, rue du Commerce",NULL,Lyon,NULL,69004,France,EMEA,Saveley,Mary,Small
10206,33,100,1,3871.889893,5/12/2003,Shipped,4,12,2003,Classic Cars,101,S700_2824,Canadian Gift Exchange Network,(604) 555-3392,1900 Oak St.,NULL,Vancouver,BC,V3F 2K1,Canada,NA,Tannamuri,Yoshi,Medium
10217,31,88,6,2728,4/2/2004,Shipped,1,2,2004,Classic Cars,101,S700_2824,Handji Gifts& Co,+65 224 1555,Village Close - 106 Linden Road Sandown,2nd Floor,Singapore,NULL,69045,Singapore,APAC,Victorino,Wendy,Small
10229,50,100,11,5614,11/3/2004,Shipped,1,3,2004,Classic Cars,101,S700_2824,Mini Gifts Distributors Ltd.,4155551450,5677 Strong St.,NULL,San Rafael,CA,97562,USA,NA,Nelson,Valarie,Medium
10245,44,100,4,4628.799805,4/5/2004,Shipped,2,5,2004,Classic Cars,101,S700_2824,Super Scale Inc.,2035559545,567 North Pendale Street,NULL,New Haven,CT,97823,USA,NA,Murphy,Leslie,Medium
10258,45,80.91999817,1,3641.399902,15/6/04,Shipped,2,6,2004,Classic Cars,101,S700_2824,"Tokyo Collectables, Ltd",+81 3 3584 0555,2-2-8 Roppongi,NULL,Minato-ku,Tokyo,106-0032,Japan,Japan,Shimamura,Akiko,Medium
10270,46,88,4,4048,19/7/04,Shipped,3,7,2004,Classic Cars,101,S700_2824,Souveniers And Things Co.,+61 2 9495 8555,"Monitor Money Building, 815 Pacific Hwy",Level 6,Chatswood,NSW,2067,Australia,APAC,Huxley,Adrian,Medium
10281,27,85.98000336,11,2321.459961,19/8/04,Shipped,3,8,2004,Classic Cars,101,S700_2824,Diecast Classics Inc.,2155551555,7586 Pompton St.,NULL,Allentown,PA,70267,USA,NA,Yu,Kyung,Small
10291,28,100,6,3256.959961,8/9/2004,Shipped,3,9,2004,Classic Cars,101,S700_2824,Scandinavian Gift Ideas,0695-34 6555,?kergatan 24,NULL,Boras,NULL,S-844 67,Sweden,EMEA,Larsson,Maria,Medium
10304,40,100,1,4208,11/10/2004,Shipped,4,10,2004,Classic Cars,101,S700_2824,Auto Assoc. & Cie.,30.59.8555,"67, avenue de l'Europe",NULL,Versailles,NULL,78000,France,EMEA,Tonini,Daniel,Medium
10313,30,99.12999725,9,2973.899902,22/10/04,Shipped,4,10,2004,Classic Cars,101,S700_2824,Canadian Gift Exchange Network,(604) 555-3392,1900 Oak St.,NULL,Vancouver,BC,V3F 2K1,Canada,NA,Tannamuri,Yoshi,Small
10324,34,100,5,4248.299805,5/11/2004,Shipped,4,11,2004,Classic Cars,101,S700_2824,Vitachrome Inc.,2125551500,2678 Kingston Rd.,Suite 101,NYC,NY,10022,USA,NA,Frick,Michael,Medium
10336,46,100,2,9558.799805,20/11/04,Shipped,4,11,2004,Classic Cars,101,S700_2824,"La Corne D'abondance, Co.",(1) 42.34.2555,"265, boulevard Charonne",NULL,Paris,NULL,75012,France,EMEA,Bertrand,Marie,Large
10348,32,82.83000183,7,2650.560059,1/11/2004,Shipped,4,11,2004,Classic Cars,101,S700_2824,"Corrida Auto Replicas, Ltd",(91) 555 22 82,"C/ Araquil, 67",NULL,Madrid,NULL,28023,Spain,EMEA,Sommer,Mart n,Small
10358,27,100,3,3761.370117,10/12/2004,Shipped,4,12,2004,Classic Cars,101,S700_2824,Euro Shopping Channel,(91) 555 94 44,"C/ Moralzarzal, 86",NULL,Madrid,NULL,28034,Spain,EMEA,Freyre,Diego,Medium
10371,34,100,3,4301.339844,23/1/05,Shipped,1,1,2005,Classic Cars,101,S700_2824,Mini Gifts Distributors Ltd.,4155551450,5677 Strong St.,NULL,San Rafael,CA,97562,USA,NA,Nelson,Valarie,Medium
10382,34,54.84000015,9,1864.560059,17/2/05,Shipped,1,2,2005,Classic Cars,101,S700_2824,Mini Gifts Distributors Ltd.,4155551450,5677 Strong St.,NULL,San Rafael,CA,97562,USA,NA,Nelson,Valarie,Small
10411,34,100,4,3576.800049,1/5/2005,Shipped,2,5,2005,Classic Cars,101,S700_2824,Quebec Home Shopping Network,(514) 555-8054,43 rue St. Laurent,NULL,Montreal,Quebec,H1J 1C3,Canada,NA,Fresnisre,Jean,Medium
10424,46,80.91999817,1,3722.320068,31/5/05,In Process,2,5,2005,Classic Cars,101,S700_2824,Euro Shopping Channel,(91) 555 94 44,"C/ Moralzarzal, 86",NULL,Madrid,NULL,28034,Spain,EMEA,Freyre,Diego,Medium
10106,32,100,1,3986.560059,17/2/03,Shipped,1,2,2003,Planes,118,S700_2834,Rovelli Gifts,035-640555,Via Ludovico il Moro 22,NULL,Bergamo,NULL,24100,Italy,EMEA,Rovelli,Giovanni,Medium
10120,24,100,7,3417.120117,29/4/03,Shipped,2,4,2003,Planes,118,S700_2834,"Australian Collectors, Co.",03 9520 4555,636 St Kilda Road,Level 3,Melbourne,Victoria,3004,Australia,APAC,Ferguson,Peter,Medium
10133,27,99.66999817,2,2691.090088,27/6/03,Shipped,2,6,2003,Planes,118,S700_2834,Euro Shopping Channel,(91) 555 94 44,"C/ Moralzarzal, 86",NULL,Madrid,NULL,28034,Spain,EMEA,Freyre,Diego,Small
10145,20,100,13,2752.600098,25/8/03,Shipped,3,8,2003,Planes,118,S700_2834,Toys4GrownUps.com,6265557265,78934 Hillside Dr.,NULL,Pasadena,CA,90003,USA,NA,Young,Julie,Small
10168,36,100,8,4527.720215,28/10/03,Shipped,4,10,2003,Planes,118,S700_2834,Technics Stores Inc.,6505556809,9408 Furth Circle,NULL,Burlingame,CA,94217,USA,NA,Hirano,Juri,Medium
10188,29,100,8,3957.050049,18/11/03,Shipped,4,11,2003,Planes,118,S700_2834,Herkku Gifts,+47 2267 3215,"Drammen 121, PR 744 Sentrum",NULL,Bergen,NULL,N 5804,Norway,EMEA,Oeztan,Veysel,Medium
10210,25,100,6,2818,12/1/2004,Shipped,1,1,2004,Planes,118,S700_2834,Osaka Souveniers Co.,+81 06 6342 5555,"Dojima Avanza 4F, 1-6-20 Dojima, Kita-ku",NULL,Osaka,Osaka,530-0003,Japan,Japan,Kentary,Mory,Small
10223,29,100,8,3199.860107,20/2/04,Shipped,1,2,2004,Planes,118,S700_2834,"Australian Collectors, Co.",03 9520 4555,636 St Kilda Road,Level 3,Melbourne,Victoria,3004,Australia,APAC,Ferguson,Peter,Medium
10235,25,96.11000061,2,2402.75,2/4/2004,Shipped,2,4,2004,Planes,118,S700_2834,"Royal Canadian Collectables, Ltd.",(604) 555-4555,23 Tsawassen Blvd.,NULL,Tsawassen,BC,T2F 8M4,Canada,NA,Lincoln,Elizabeth,Small
10250,44,100,3,6055.720215,11/5/2004,Shipped,2,5,2004,Planes,118,S700_2834,The Sharp Gifts Warehouse,4085553659,3086 Ingle Ln.,NULL,San Jose,CA,94217,USA,NA,Frick,Sue,Medium
10263,47,100,9,5465.160156,28/6/04,Shipped,2,6,2004,Planes,118,S700_2834,Gift Depot Inc.,2035552570,25593 South Bay Ln.,NULL,Bridgewater,CT,97562,USA,NA,King,Julie,Medium
10275,48,100,8,6378.720215,23/7/04,Shipped,3,7,2004,Planes,118,S700_2834,La Rochelle Gifts,40.67.8555,"67, rue des Cinquante Otages",NULL,Nantes,NULL,44000,France,EMEA,Labrune,Janine,Medium
10285,45,100,13,5392.799805,27/8/04,Shipped,3,8,2004,Planes,118,S700_2834,Marta's Replicas Co.,6175558555,39323 Spinnaker Dr.,NULL,Cambridge,MA,51247,USA,NA,Hernandez,Marta,Medium
10297,35,100,3,3986.5,16/9/04,Shipped,3,9,2004,Planes,118,S700_2834,"Clover Collections, Co.",+353 1862 1555,25 Maiden Lane,Floor No. 4,Dublin,NULL,2,Ireland,EMEA,Cassidy,Dean,Medium
10308,31,100,6,4009.22998,15/10/04,Shipped,4,10,2004,Planes,118,S700_2834,Mini Classics,9145554562,3758 North Pendale Street,NULL,White Plains,NY,24067,USA,NA,Frick,Steve,Medium
10318,50,100,8,7119,2/11/2004,Shipped,4,11,2004,Planes,118,S700_2834,Diecast Classics Inc.,2155551555,7586 Pompton St.,NULL,Allentown,PA,70267,USA,NA,Yu,Kyung,Large
10328,33,100,11,4072.199951,12/11/2004,Shipped,4,11,2004,Planes,118,S700_2834,Rovelli Gifts,035-640555,Via Ludovico il Moro 22,NULL,Bergamo,NULL,24100,Italy,EMEA,Rovelli,Giovanni,Medium
10340,29,100,6,4094.51001,24/11/04,Shipped,4,11,2004,Planes,118,S700_2834,Enaco Distributors,(93) 203 4555,"Rambla de Catalu a, 23",NULL,Barcelona,NULL,8022,Spain,EMEA,Saavedra,Eduardo,Medium
10353,48,68.80000305,4,3302.399902,4/12/2004,Shipped,4,12,2004,Planes,118,S700_2834,Gift Ideas Corp.,2035554407,2440 Pompton St.,NULL,Glendale,CT,97561,USA,NA,Lewis,Dan,Medium
10361,44,72.41999817,5,3186.47998,17/12/04,Shipped,4,12,2004,Planes,118,S700_2834,Souveniers And Things Co.,+61 2 9495 8555,"Monitor Money Building, 815 Pacific Hwy",Level 6,Chatswood,NSW,2067,Australia,APAC,Huxley,Adrian,Medium
10375,25,66.73000336,10,1668.25,3/2/2005,Shipped,1,2,2005,Planes,118,S700_2834,La Rochelle Gifts,40.67.8555,"67, rue des Cinquante Otages",NULL,Nantes,NULL,44000,France,EMEA,Labrune,Janine,Small
10388,50,100,3,7154.5,3/3/2005,Shipped,1,3,2005,Planes,118,S700_2834,FunGiftIdeas.com,5085552555,1785 First Street,NULL,New Bedford,MA,50553,USA,NA,Benitez,Violeta,Large
10398,23,100,9,2810.830078,30/3/05,Shipped,1,3,2005,Planes,118,S700_2834,Reims Collectables,26.47.1555,59 rue de l'Abbaye,NULL,Reims,NULL,51100,France,EMEA,Henriot,Paul,Small
10401,21,96.11000061,2,2018.310059,3/4/2005,On Hold,2,4,2005,Planes,118,S700_2834,Tekni Collectables Inc.,2015559350,7476 Moss Rd.,NULL,Newark,NJ,94019,USA,NA,Brown,William,Small
10416,41,100,3,5642.830078,10/5/2005,Shipped,2,5,2005,Planes,118,S700_2834,L'ordine Souveniers,0522-556555,Strada Provinciale 124,NULL,Reggio Emilia,NULL,42100,Italy,EMEA,Moroni,Maurizio,Medium
10106,44,74.40000153,8,3273.600098,17/2/03,Shipped,1,2,2003,Planes,80,S700_3167,Rovelli Gifts,035-640555,Via Ludovico il Moro 22,NULL,Bergamo,NULL,24100,Italy,EMEA,Rovelli,Giovanni,Medium
10120,43,76,14,3268,29/4/03,Shipped,2,4,2003,Planes,80,S700_3167,"Australian Collectors, Co.",03 9520 4555,636 St Kilda Road,Level 3,Melbourne,Victoria,3004,Australia,APAC,Ferguson,Peter,Medium
10143,28,96,3,2688,10/8/2003,Shipped,3,8,2003,Planes,80,S700_3167,Mini Creations Ltd.,5085559555,4575 Hillside Dr.,NULL,New Bedford,MA,50553,USA,NA,Tam,Wing C,Small
10155,43,86.40000153,1,3715.199951,6/10/2003,Shipped,4,10,2003,Planes,80,S700_3167,"Toys of Finland, Co.",90-224 8555,Keskuskatu 45,NULL,Helsinki,NULL,21240,Finland,EMEA,Karttunen,Matti,Medium
10168,48,96,15,4608,28/10/03,Shipped,4,10,2003,Planes,80,S700_3167,Technics Stores Inc.,6505556809,9408 Furth Circle,NULL,Burlingame,CA,94217,USA,NA,Hirano,Juri,Medium
10199,38,82.40000153,3,3131.199951,1/12/2003,Shipped,4,12,2003,Planes,80,S700_3167,West Coast Collectables Co.,3105553722,3675 Furth Circle,NULL,Burbank,CA,94019,USA,NA,Thompson,Steve,Medium
10210,31,86.40000153,13,2678.399902,12/1/2004,Shipped,1,1,2004,Planes,80,S700_3167,Osaka Souveniers Co.,+81 06 6342 5555,"Dojima Avanza 4F, 1-6-20 Dojima, Kita-ku",NULL,Osaka,Osaka,530-0003,Japan,Japan,Kentary,Mory,Small
10223,26,67.19999695,15,1747.199951,20/2/04,Shipped,1,2,2004,Planes,80,S700_3167,"Australian Collectors, Co.",03 9520 4555,636 St Kilda Road,Level 3,Melbourne,Victoria,3004,Australia,APAC,Ferguson,Peter,Small
10235,32,92,9,2944,2/4/2004,Shipped,2,4,2004,Planes,80,S700_3167,"Royal Canadian Collectables, Ltd.",(604) 555-4555,23 Tsawassen Blvd.,NULL,Tsawassen,BC,T2F 8M4,Canada,NA,Lincoln,Elizabeth,Small
10250,44,67.19999695,10,2956.800049,11/5/2004,Shipped,2,5,2004,Planes,80,S700_3167,The Sharp Gifts Warehouse,4085553659,3086 Ingle Ln.,NULL,San Jose,CA,94217,USA,NA,Frick,Sue,Small
10262,27,76,5,2052,24/6/04,Cancelled,2,6,2004,Planes,80,S700_3167,Euro Shopping Channel,(91) 555 94 44,"C/ Moralzarzal, 86",NULL,Madrid,NULL,28034,Spain,EMEA,Freyre,Diego,Small
10275,43,73.59999847,15,3164.800049,23/7/04,Shipped,3,7,2004,Planes,80,S700_3167,La Rochelle Gifts,40.67.8555,"67, rue des Cinquante Otages",NULL,Nantes,NULL,44000,France,EMEA,Labrune,Janine,Medium
10284,25,69.59999847,7,1740,21/8/04,Shipped,3,8,2004,Planes,80,S700_3167,"Norway Gifts By Mail, Co.",+47 2212 1555,"Drammensveien 126 A, PB 744 Sentrum",NULL,Oslo,NULL,N 0106,Norway,EMEA,Klaeboe,Jan,Small
10296,22,80.80000305,3,1777.599976,15/9/04,Shipped,3,9,2004,Planes,80,S700_3167,"Bavarian Collectables Imports, Co.",+49 89 61 08 9555,Hansastr. 15,NULL,Munich,NULL,80686,Germany,EMEA,Donnermeyer,Michael,Small
10308,21,87.19999695,13,1831.199951,15/10/04,Shipped,4,10,2004,Planes,80,S700_3167,Mini Classics,9145554562,3758 North Pendale Street,NULL,White Plains,NY,24067,USA,NA,Frick,Steve,Small
10316,48,75.19999695,5,3609.600098,1/11/2004,Shipped,4,11,2004,Planes,80,S700_3167,giftsbymail.co.uk,(198) 555-8888,Garden House Crowther Way,NULL,Cowes,Isle of Wight,PO31 7PJ,UK,EMEA,Bennett,Helen,Medium
10328,33,64,13,2112,12/11/2004,Shipped,4,11,2004,Planes,80,S700_3167,Rovelli Gifts,035-640555,Via Ludovico il Moro 22,NULL,Bergamo,NULL,24100,Italy,EMEA,Rovelli,Giovanni,Small
10341,34,100,5,3644.120117,24/11/04,Shipped,4,11,2004,Planes,80,S700_3167,Salzburg Collectables,6562-9555,Geislweg 14,NULL,Salzburg,NULL,5020,Austria,EMEA,Pipps,Georg,Medium
10353,43,81.94999695,6,3523.850098,4/12/2004,Shipped,4,12,2004,Planes,80,S700_3167,Gift Ideas Corp.,2035554407,2440 Pompton St.,NULL,Glendale,CT,97561,USA,NA,Lewis,Dan,Medium
10361,44,100,10,5001.919922,17/12/04,Shipped,4,12,2004,Planes,80,S700_3167,Souveniers And Things Co.,+61 2 9495 8555,"Monitor Money Building, 815 Pacific Hwy",Level 6,Chatswood,NSW,2067,Australia,APAC,Huxley,Adrian,Medium
10375,44,100,11,5208.720215,3/2/2005,Shipped,1,2,2005,Planes,80,S700_3167,La Rochelle Gifts,40.67.8555,"67, rue des Cinquante Otages",NULL,Nantes,NULL,44000,France,EMEA,Labrune,Janine,Medium
10386,32,94.33999634,17,3018.879883,1/3/2005,Resolved,1,3,2005,Planes,80,S700_3167,Euro Shopping Channel,(91) 555 94 44,"C/ Moralzarzal, 86",NULL,Madrid,NULL,28034,Spain,EMEA,Freyre,Diego,Medium
10398,29,65.59999847,10,1902.400024,30/3/05,Shipped,1,3,2005,Planes,80,S700_3167,Reims Collectables,26.47.1555,59 rue de l'Abbaye,NULL,Reims,NULL,51100,France,EMEA,Henriot,Paul,Small
10401,77,92,9,7084,3/4/2005,On Hold,2,4,2005,Planes,80,S700_3167,Tekni Collectables Inc.,2015559350,7476 Moss Rd.,NULL,Newark,NJ,94019,USA,NA,Brown,William,Large
10416,39,67.19999695,10,2620.800049,10/5/2005,Shipped,2,5,2005,Planes,80,S700_3167,L'ordine Souveniers,0522-556555,Strada Provinciale 124,NULL,Reggio Emilia,NULL,42100,Italy,EMEA,Moroni,Maurizio,Small
10105,39,81.13999939,6,3164.459961,11/2/2003,Shipped,1,2,2003,Ships,100,S700_3505,Danish Wholesale Imports,31 12 3555,Vinb'ltet 34,NULL,Kobenhavn,NULL,1734,Denmark,EMEA,Petersen,Jytte,Medium
10118,36,100,1,4219.200195,21/4/03,Shipped,2,4,2003,Ships,100,S700_3505,Enaco Distributors,(93) 203 4555,"Rambla de Catalu a, 23",NULL,Barcelona,NULL,8022,Spain,EMEA,Saavedra,Eduardo,Medium
10129,42,91.15000153,6,3828.300049,12/6/2003,Shipped,2,6,2003,Ships,100,S700_3505,"Stylish Desk Decors, Co.",(171) 555-0297,35 King George,NULL,London,NULL,WX3 6FW,UK,EMEA,Brown,Ann,Medium
10142,21,100,3,2334.98999,8/8/2003,Shipped,3,8,2003,Ships,100,S700_3505,Mini Gifts Distributors Ltd.,4155551450,5677 Strong St.,NULL,San Rafael,CA,97562,USA,NA,Nelson,Valarie,Small
10153,50,88.15000153,2,4407.5,28/9/03,Shipped,3,9,2003,Ships,100,S700_3505,Euro Shopping Channel,(91) 555 94 44,"C/ Moralzarzal, 86",NULL,Madrid,NULL,28034,Spain,EMEA,Freyre,Diego,Medium
10167,24,100,13,2812.800049,23/10/03,Cancelled,4,10,2003,Ships,100,S700_3505,Scandinavian Gift Ideas,0695-34 6555,?kergatan 24,NULL,Boras,NULL,S-844 67,Sweden,EMEA,Larsson,Maria,Small
10177,44,92.16000366,4,4055.040039,7/11/2003,Shipped,4,11,2003,Ships,100,S700_3505,CAF Imports,+34 913 728 555,"Merchants House, 27-30 Merchant's Quay",NULL,Madrid,NULL,28023,Spain,EMEA,Fernandez,Jesus,Medium
10185,37,100,4,3891.659912,14/11/03,Shipped,4,11,2003,Ships,100,S700_3505,Mini Creations Ltd.,5085559555,4575 Hillside Dr.,NULL,New Bedford,MA,50553,USA,NA,Tam,Wing C,Medium
10197,27,92.16000366,10,2488.320068,26/11/03,Shipped,4,11,2003,Ships,100,S700_3505,Enaco Distributors,(93) 203 4555,"Rambla de Catalu a, 23",NULL,Barcelona,NULL,8022,Spain,EMEA,Saavedra,Eduardo,Small
10208,37,100,4,4447.399902,2/1/2004,Shipped,1,1,2004,Ships,100,S700_3505,"Saveley & Henriot, Co.",78.32.5555,"2, rue du Commerce",NULL,Lyon,NULL,69004,France,EMEA,Saveley,Mary,Medium
10222,38,100,16,4187.220215,19/2/04,Shipped,1,2,2004,Ships,100,S700_3505,Collectable Mini Designs Co.,7605558146,361 Furth Circle,NULL,San Diego,CA,91217,USA,NA,Thompson,Valarie,Medium
10232,48,96.16000366,1,4615.680176,20/3/04,Shipped,1,3,2004,Ships,100,S700_3505,giftsbymail.co.uk,(198) 555-8888,Garden House Crowther Way,NULL,Cowes,Isle of Wight,PO31 7PJ,UK,EMEA,Bennett,Helen,Medium
10248,30,100,7,3245.399902,7/5/2004,Cancelled,2,5,2004,Ships,100,S700_3505,Land of Toys Inc.,2125557818,897 Long Airport Avenue,NULL,NYC,NY,10022,USA,NA,Yu,Kwai,Medium
10261,25,88.15000153,5,2203.75,17/6/04,Shipped,2,6,2004,Ships,100,S700_3505,Quebec Home Shopping Network,(514) 555-8054,43 rue St. Laurent,NULL,Montreal,Quebec,H1J 1C3,Canada,NA,Fresnisre,Jean,Small
10273,40,86.15000153,8,3446,21/7/04,Shipped,3,7,2004,Ships,100,S700_3505,Petit Auto,(02) 5554 67,Rue Joseph-Bens 532,NULL,Bruxelles,NULL,B-1180,Belgium,EMEA,Dewey,Catherine,Medium
10283,22,88.15000153,10,1939.300049,20/8/04,Shipped,3,8,2004,Ships,100,S700_3505,"Royal Canadian Collectables, Ltd.",(604) 555-4555,23 Tsawassen Blvd.,NULL,Tsawassen,BC,T2F 8M4,Canada,NA,Lincoln,Elizabeth,Small
10295,34,100,5,3473.780029,10/9/2004,Shipped,3,9,2004,Ships,100,S700_3505,Gifts4AllAges.com,6175559555,8616 Spinnaker Dr.,NULL,Boston,MA,51003,USA,NA,Yoshido,Juri,Medium
10306,32,90.15000153,4,2884.800049,14/10/04,Shipped,4,10,2004,Ships,100,S700_3505,"AV Stores, Co.",(171) 555-1555,Fauntleroy Circus,NULL,Manchester,NULL,EC2 5NT,UK,EMEA,Ashworth,Victoria,Small
10315,31,86.15000153,3,2670.649902,29/10/04,Shipped,4,10,2004,Ships,100,S700_3505,La Rochelle Gifts,40.67.8555,"67, rue des Cinquante Otages",NULL,Nantes,NULL,44000,France,EMEA,Labrune,Janine,Small
10327,43,80,2,3440,10/11/2004,Resolved,4,11,2004,Ships,100,S700_3505,Danish Wholesale Imports,31 12 3555,Vinb'ltet 34,NULL,Kobenhavn,NULL,1734,Denmark,EMEA,Petersen,Jytte,Medium
10337,31,89.37999725,1,2770.780029,21/11/04,Shipped,4,11,2004,Ships,100,S700_3505,Classic Legends Inc.,2125558493,5905 Pompton St.,Suite 750,NYC,NY,10022,USA,NA,Hernandez,Maria,Small
10350,31,77.33999634,13,2397.540039,2/12/2004,Shipped,4,12,2004,Ships,100,S700_3505,Euro Shopping Channel,(91) 555 94 44,"C/ Moralzarzal, 86",NULL,Madrid,NULL,28034,Spain,EMEA,Freyre,Diego,Small
10373,34,96.33999634,2,3275.560059,31/1/05,Shipped,1,1,2005,Ships,100,S700_3505,"Oulu Toy Supplies, Inc.",981-443655,Torikatu 38,NULL,Oulu,NULL,90110,Finland,EMEA,Koskitalo,Pirkko,Medium
10386,45,92.08000183,2,4143.600098,1/3/2005,Resolved,1,3,2005,Ships,100,S700_3505,Euro Shopping Channel,(91) 555 94 44,"C/ Moralzarzal, 86",NULL,Madrid,NULL,28034,Spain,EMEA,Freyre,Diego,Medium
10397,48,100,3,5192.640137,28/3/05,Shipped,1,3,2005,Ships,100,S700_3505,Alpha Cognac,61.77.6555,1 rue Alsace-Lorraine,NULL,Toulouse,NULL,31000,France,EMEA,Roulet,Annette,Medium
10414,28,100,7,3029.040039,6/5/2005,On Hold,2,5,2005,Ships,100,S700_3505,Gifts4AllAges.com,6175559555,8616 Spinnaker Dr.,NULL,Boston,MA,51003,USA,NA,Yoshido,Juri,Medium
10105,22,100,7,2556.179932,11/2/2003,Shipped,1,2,2003,Ships,99,S700_3962,Danish Wholesale Imports,31 12 3555,Vinb'ltet 34,NULL,Kobenhavn,NULL,1734,Denmark,EMEA,Petersen,Jytte,Small
10117,45,83.41999817,1,3753.899902,16/4/03,Shipped,2,4,2003,Ships,99,S700_3962,"Dragon Souveniers, Ltd.",+65 221 7555,"Bronz Sok., Bronz Apt. 3/6 Tesvikiye",NULL,Singapore,NULL,79903,Singapore,Japan,Natividad,Eric,Medium
10129,30,85.41000366,7,2562.300049,12/6/2003,Shipped,2,6,2003,Ships,99,S700_3962,"Stylish Desk Decors, Co.",(171) 555-0297,35 King George,NULL,London,NULL,WX3 6FW,UK,EMEA,Brown,Ann,Small
10142,38,85.41000366,4,3245.580078,8/8/2003,Shipped,3,8,2003,Ships,99,S700_3962,Mini Gifts Distributors Ltd.,4155551450,5677 Strong St.,NULL,San Rafael,CA,97562,USA,NA,Nelson,Valarie,Medium
10153,20,100,3,2204.600098,28/9/03,Shipped,3,9,2003,Ships,99,S700_3962,Euro Shopping Channel,(91) 555 94 44,"C/ Moralzarzal, 86",NULL,Madrid,NULL,28034,Spain,EMEA,Freyre,Diego,Small
10167,28,100,14,3003,23/10/03,Cancelled,4,10,2003,Ships,99,S700_3962,Scandinavian Gift Ideas,0695-34 6555,?kergatan 24,NULL,Boras,NULL,S-844 67,Sweden,EMEA,Larsson,Maria,Medium
10177,24,100,5,2526.47998,7/11/2003,Shipped,4,11,2003,Ships,99,S700_3962,CAF Imports,+34 913 728 555,"Merchants House, 27-30 Merchant's Quay",NULL,Madrid,NULL,28023,Spain,EMEA,Fernandez,Jesus,Small
10185,22,79.44999695,5,1747.900024,14/11/03,Shipped,4,11,2003,Ships,99,S700_3962,Mini Creations Ltd.,5085559555,4575 Hillside Dr.,NULL,New Bedford,MA,50553,USA,NA,Tam,Wing C,Small
10197,35,93.34999847,11,3267.25,26/11/03,Shipped,4,11,2003,Ships,99,S700_3962,Enaco Distributors,(93) 203 4555,"Rambla de Catalu a, 23",NULL,Barcelona,NULL,8022,Spain,EMEA,Saavedra,Eduardo,Medium
10208,33,85.41000366,5,2818.530029,2/1/2004,Shipped,1,1,2004,Ships,99,S700_3962,"Saveley & Henriot, Co.",78.32.5555,"2, rue du Commerce",NULL,Lyon,NULL,69004,France,EMEA,Saveley,Mary,Small
10222,31,95.33999634,17,2955.540039,19/2/04,Shipped,1,2,2004,Ships,99,S700_3962,Collectable Mini Designs Co.,7605558146,361 Furth Circle,NULL,San Diego,CA,91217,USA,NA,Thompson,Valarie,Small
10232,35,82.43000031,2,2885.050049,20/3/04,Shipped,1,3,2004,Ships,99,S700_3962,giftsbymail.co.uk,(198) 555-8888,Garden House Crowther Way,NULL,Cowes,Isle of Wight,PO31 7PJ,UK,EMEA,Bennett,Helen,Small
10248,35,90.37000275,8,3162.949951,7/5/2004,Cancelled,2,5,2004,Ships,99,S700_3962,Land of Toys Inc.,2125557818,897 Long Airport Avenue,NULL,NYC,NY,10022,USA,NA,Yu,Kwai,Medium
10261,50,81.43000031,6,4071.5,17/6/04,Shipped,2,6,2004,Ships,99,S700_3962,Quebec Home Shopping Network,(514) 555-8054,43 rue St. Laurent,NULL,Montreal,Quebec,H1J 1C3,Canada,NA,Fresnisre,Jean,Medium
10273,26,100,9,2969.459961,21/7/04,Shipped,3,7,2004,Ships,99,S700_3962,Petit Auto,(02) 5554 67,Rue Joseph-Bens 532,NULL,Bruxelles,NULL,B-1180,Belgium,EMEA,Dewey,Catherine,Small
10283,38,89.37999725,11,3396.439941,20/8/04,Shipped,3,8,2004,Ships,99,S700_3962,"Royal Canadian Collectables, Ltd.",(604) 555-4555,23 Tsawassen Blvd.,NULL,Tsawassen,BC,T2F 8M4,Canada,NA,Lincoln,Elizabeth,Medium
10294,45,100,1,4692.600098,10/9/2004,Shipped,3,9,2004,Ships,99,S700_3962,Online Mini Collectables,6175557555,7635 Spinnaker Dr.,NULL,Brickhaven,MA,58339,USA,NA,Barajas,Miguel,Medium
10306,30,100,5,3515.699951,14/10/04,Shipped,4,10,2004,Ships,99,S700_3962,"AV Stores, Co.",(171) 555-1555,Fauntleroy Circus,NULL,Manchester,NULL,EC2 5NT,UK,EMEA,Ashworth,Victoria,Medium
10315,37,91.37000275,4,3380.689941,29/10/04,Shipped,4,10,2004,Ships,99,S700_3962,La Rochelle Gifts,40.67.8555,"67, rue des Cinquante Otages",NULL,Nantes,NULL,44000,France,EMEA,Labrune,Janine,Medium
10327,37,86.61000061,3,3204.570068,10/11/2004,Resolved,4,11,2004,Ships,99,S700_3962,Danish Wholesale Imports,31 12 3555,Vinb'ltet 34,NULL,Kobenhavn,NULL,1734,Denmark,EMEA,Petersen,Jytte,Medium
10337,36,71.88999939,7,2588.040039,21/11/04,Shipped,4,11,2004,Ships,99,S700_3962,Classic Legends Inc.,2125558493,5905 Pompton St.,Suite 750,NYC,NY,10022,USA,NA,Hernandez,Maria,Small
10350,25,100,16,2854.75,2/12/2004,Shipped,4,12,2004,Ships,99,S700_3962,Euro Shopping Channel,(91) 555 94 44,"C/ Moralzarzal, 86",NULL,Madrid,NULL,28034,Spain,EMEA,Freyre,Diego,Small
10373,37,100,8,4025.600098,31/1/05,Shipped,1,1,2005,Ships,99,S700_3962,"Oulu Toy Supplies, Inc.",981-443655,Torikatu 38,NULL,Oulu,NULL,90110,Finland,EMEA,Koskitalo,Pirkko,Medium
10386,30,95.48000336,3,2864.399902,1/3/2005,Resolved,1,3,2005,Ships,99,S700_3962,Euro Shopping Channel,(91) 555 94 44,"C/ Moralzarzal, 86",NULL,Madrid,NULL,28034,Spain,EMEA,Freyre,Diego,Small
10397,36,100,2,3789.719971,28/3/05,Shipped,1,3,2005,Ships,99,S700_3962,Alpha Cognac,61.77.6555,1 rue Alsace-Lorraine,NULL,Toulouse,NULL,31000,France,EMEA,Roulet,Annette,Medium
10414,27,90.37000275,8,2439.98999,6/5/2005,On Hold,2,5,2005,Ships,99,S700_3962,Gifts4AllAges.com,6175559555,8616 Spinnaker Dr.,NULL,Boston,MA,51003,USA,NA,Yoshido,Juri,Small
10106,48,61.43999863,10,2949.120117,17/2/03,Shipped,1,2,2003,Planes,74,S700_4002,Rovelli Gifts,035-640555,Via Ludovico il Moro 22,NULL,Bergamo,NULL,24100,Italy,EMEA,Rovelli,Giovanni,Small
10119,26,59.22000122,1,1539.719971,28/4/03,Shipped,2,4,2003,Planes,74,S700_4002,Salzburg Collectables,6562-9555,Geislweg 14,NULL,Salzburg,NULL,5020,Austria,EMEA,Pipps,Georg,Small
10131,26,85.12999725,2,2213.379883,16/6/03,Shipped,2,6,2003,Planes,74,S700_4002,Gift Ideas Corp.,2035554407,2440 Pompton St.,NULL,Glendale,CT,97561,USA,NA,Lewis,Dan,Small
10143,34,85.87000275,5,2919.580078,10/8/2003,Shipped,3,8,2003,Planes,74,S700_4002,Mini Creations Ltd.,5085559555,4575 Hillside Dr.,NULL,New Bedford,MA,50553,USA,NA,Tam,Wing C,Small
10155,44,85.87000275,3,3778.280029,6/10/2003,Shipped,4,10,2003,Planes,74,S700_4002,"Toys of Finland, Co.",90-224 8555,Keskuskatu 45,NULL,Helsinki,NULL,21240,Finland,EMEA,Karttunen,Matti,Medium
10168,39,82.91000366,17,3233.48999,28/10/03,Shipped,4,10,2003,Planes,74,S700_4002,Technics Stores Inc.,6505556809,9408 Furth Circle,NULL,Burlingame,CA,94217,USA,NA,Hirano,Juri,Medium
10178,45,76.25,2,3431.25,8/11/2003,Shipped,4,11,2003,Planes,74,S700_4002,Alpha Cognac,61.77.6555,1 rue Alsace-Lorraine,NULL,Toulouse,NULL,31000,France,EMEA,Roulet,Annette,Medium
10198,40,63.66999817,2,2546.800049,27/11/03,Shipped,4,11,2003,Planes,74,S700_4002,Cruz & Sons Co.,+63 2 555 3587,15 McCallum Street - NatWest Center #13-03,NULL,Makati City,NULL,1227 MM,Philippines,Japan,Cruz,Arnold,Small
10210,42,70.33000183,15,2953.860107,12/1/2004,Shipped,1,1,2004,Planes,74,S700_4002,Osaka Souveniers Co.,+81 06 6342 5555,"Dojima Avanza 4F, 1-6-20 Dojima, Kita-ku",NULL,Osaka,Osaka,530-0003,Japan,Japan,Kentary,Mory,Small
10222,43,74.02999878,2,3183.290039,19/2/04,Shipped,1,2,2004,Planes,74,S700_4002,Collectable Mini Designs Co.,7605558146,361 Furth Circle,NULL,San Diego,CA,91217,USA,NA,Thompson,Valarie,Medium
10235,34,72.55000305,11,2466.699951,2/4/2004,Shipped,2,4,2004,Planes,74,S700_4002,"Royal Canadian Collectables, Ltd.",(604) 555-4555,23 Tsawassen Blvd.,NULL,Tsawassen,BC,T2F 8M4,Canada,NA,Lincoln,Elizabeth,Small
10250,38,62.18999863,12,2363.219971,11/5/2004,Shipped,2,5,2004,Planes,74,S700_4002,The Sharp Gifts Warehouse,4085553659,3086 Ingle Ln.,NULL,San Jose,CA,94217,USA,NA,Frick,Sue,Small
10262,35,71.06999969,7,2487.449951,24/6/04,Cancelled,2,6,2004,Planes,74,S700_4002,Euro Shopping Channel,(91) 555 94 44,"C/ Moralzarzal, 86",NULL,Madrid,NULL,28034,Spain,EMEA,Freyre,Diego,Small
10275,31,72.55000305,17,2249.050049,23/7/04,Shipped,3,7,2004,Planes,74,S700_4002,La Rochelle Gifts,40.67.8555,"67, rue des Cinquante Otages",NULL,Nantes,NULL,44000,France,EMEA,Labrune,Janine,Small
10284,32,64.41000366,9,2061.120117,21/8/04,Shipped,3,8,2004,Planes,74,S700_4002,"Norway Gifts By Mail, Co.",+47 2212 1555,"Drammensveien 126 A, PB 744 Sentrum",NULL,Oslo,NULL,N 0106,Norway,EMEA,Klaeboe,Jan,Small
10296,47,86.62000275,5,4071.139893,15/9/04,Shipped,3,9,2004,Planes,74,S700_4002,"Bavarian Collectables Imports, Co.",+49 89 61 08 9555,Hansastr. 15,NULL,Munich,NULL,80686,Germany,EMEA,Donnermeyer,Michael,Medium
10308,39,68.11000061,15,2656.290039,15/10/04,Shipped,4,10,2004,Planes,74,S700_4002,Mini Classics,9145554562,3758 North Pendale Street,NULL,White Plains,NY,24067,USA,NA,Frick,Steve,Small
10316,44,62.18999863,7,2736.360107,1/11/2004,Shipped,4,11,2004,Planes,74,S700_4002,giftsbymail.co.uk,(198) 555-8888,Garden House Crowther Way,NULL,Cowes,Isle of Wight,PO31 7PJ,UK,EMEA,Bennett,Helen,Small
10328,39,85.87000275,12,3348.929932,12/11/2004,Shipped,4,11,2004,Planes,74,S700_4002,Rovelli Gifts,035-640555,Via Ludovico il Moro 22,NULL,Bergamo,NULL,24100,Italy,EMEA,Rovelli,Giovanni,Medium
10339,50,57.86000061,8,2893,23/11/04,Shipped,4,11,2004,Planes,74,S700_4002,"Tokyo Collectables, Ltd",+81 3 3584 0555,2-2-8 Roppongi,NULL,Minato-ku,Tokyo,106-0032,Japan,Japan,Shimamura,Akiko,Small
10352,22,75.51000214,1,1661.219971,3/12/2004,Shipped,4,12,2004,Planes,74,S700_4002,Auto-Moto Classics Inc.,6175558428,16780 Pompton St.,NULL,Brickhaven,MA,58339,USA,NA,Taylor,Leslie,Small
10361,35,100,11,4277.350098,17/12/04,Shipped,4,12,2004,Planes,74,S700_4002,Souveniers And Things Co.,+61 2 9495 8555,"Monitor Money Building, 815 Pacific Hwy",Level 6,Chatswood,NSW,2067,Australia,APAC,Huxley,Adrian,Medium
10373,45,55.61999893,17,2502.899902,31/1/05,Shipped,1,1,2005,Planes,74,S700_4002,"Oulu Toy Supplies, Inc.",981-443655,Torikatu 38,NULL,Oulu,NULL,90110,Finland,EMEA,Koskitalo,Pirkko,Small
10386,44,86.40000153,15,3801.600098,1/3/2005,Resolved,1,3,2005,Planes,74,S700_4002,Euro Shopping Channel,(91) 555 94 44,"C/ Moralzarzal, 86",NULL,Madrid,NULL,28034,Spain,EMEA,Freyre,Diego,Medium
10398,36,87.36000061,12,3144.959961,30/3/05,Shipped,1,3,2005,Planes,74,S700_4002,Reims Collectables,26.47.1555,59 rue de l'Abbaye,NULL,Reims,NULL,51100,France,EMEA,Henriot,Paul,Medium
10401,28,72.55000305,11,2031.400024,3/4/2005,On Hold,2,4,2005,Planes,74,S700_4002,Tekni Collectables Inc.,2015559350,7476 Moss Rd.,NULL,Newark,NJ,94019,USA,NA,Brown,William,Small
10416,43,62.18999863,12,2674.169922,10/5/2005,Shipped,2,5,2005,Planes,74,S700_4002,L'ordine Souveniers,0522-556555,Strada Provinciale 124,NULL,Reggio Emilia,NULL,42100,Italy,EMEA,Moroni,Maurizio,Small
10106,48,52.63999939,15,2526.719971,17/2/03,Shipped,1,2,2003,Planes,49,S72_1253,Rovelli Gifts,035-640555,Via Ludovico il Moro 22,NULL,Bergamo,NULL,24100,Italy,EMEA,Rovelli,Giovanni,Small
10119,28,48.16999817,6,1348.76001,28/4/03,Shipped,2,4,2003,Planes,49,S72_1253,Salzburg Collectables,6562-9555,Geislweg 14,NULL,Salzburg,NULL,5020,Austria,EMEA,Pipps,Georg,Small
10131,21,41.70999908,7,875.9099731,16/6/03,Shipped,2,6,2003,Planes,49,S72_1253,Gift Ideas Corp.,2035554407,2440 Pompton St.,NULL,Glendale,CT,97561,USA,NA,Lewis,Dan,Small
10143,37,50.65000153,10,1874.050049,10/8/2003,Shipped,3,8,2003,Planes,49,S72_1253,Mini Creations Ltd.,5085559555,4575 Hillside Dr.,NULL,New Bedford,MA,50553,USA,NA,Tam,Wing C,Small
10155,34,49.15999985,8,1671.439941,6/10/2003,Shipped,4,10,2003,Planes,49,S72_1253,"Toys of Finland, Co.",90-224 8555,Keskuskatu 45,NULL,Helsinki,NULL,21240,Finland,EMEA,Karttunen,Matti,Small
10167,40,41.70999908,4,1668.400024,23/10/03,Cancelled,4,10,2003,Planes,49,S72_1253,Scandinavian Gift Ideas,0695-34 6555,?kergatan 24,NULL,Boras,NULL,S-844 67,Sweden,EMEA,Larsson,Maria,Small
10178,45,51.15000153,7,2301.75,8/11/2003,Shipped,4,11,2003,Planes,49,S72_1253,Alpha Cognac,61.77.6555,1 rue Alsace-Lorraine,NULL,Toulouse,NULL,31000,France,EMEA,Roulet,Annette,Small
10186,28,52.13999939,4,1459.920044,14/11/03,Shipped,4,11,2003,Planes,49,S72_1253,"Double Decker Gift Stores, Ltd",(171) 555-7555,120 Hanover Sq.,NULL,London,NULL,WA1 1DP,UK,EMEA,Hardy,Thomas,Small
10197,29,41.70999908,1,1209.589966,26/11/03,Shipped,4,11,2003,Planes,49,S72_1253,Enaco Distributors,(93) 203 4555,"Rambla de Catalu a, 23",NULL,Barcelona,NULL,8022,Spain,EMEA,Saavedra,Eduardo,Small
10209,48,44.68999863,3,2145.120117,9/1/2004,Shipped,1,1,2004,Planes,49,S72_1253,"Men 'R' US Retailers, Ltd.",2155554369,6047 Douglas Av.,NULL,Los Angeles,CA,NULL,USA,NA,Chandler,Michael,Small
10222,31,45.68999863,7,1416.390015,19/2/04,Shipped,1,2,2004,Planes,49,S72_1253,Collectable Mini Designs Co.,7605558146,361 Furth Circle,NULL,San Diego,CA,91217,USA,NA,Thompson,Valarie,Small
10249,32,57.61000061,3,1843.52002,8/5/2004,Shipped,2,5,2004,Planes,49,S72_1253,Cambridge Collectables Co.,6175555555,4658 Baden Av.,NULL,Cambridge,MA,51247,USA,NA,Tseng,Kyung,Small
10262,21,57.11000061,12,1199.310059,24/6/04,Cancelled,2,6,2004,Planes,49,S72_1253,Euro Shopping Channel,(91) 555 94 44,"C/ Moralzarzal, 86",NULL,Madrid,NULL,28034,Spain,EMEA,Freyre,Diego,Small
10274,32,58.59999847,4,1875.199951,21/7/04,Shipped,3,7,2004,Planes,49,S72_1253,Collectables For Less Inc.,6175558555,7825 Douglas Av.,NULL,Brickhaven,MA,58339,USA,NA,Nelson,Allen,Small
10283,43,57.61000061,1,2477.22998,20/8/04,Shipped,3,8,2004,Planes,49,S72_1253,"Royal Canadian Collectables, Ltd.",(604) 555-4555,23 Tsawassen Blvd.,NULL,Tsawassen,BC,T2F 8M4,Canada,NA,Lincoln,Elizabeth,Small
10296,21,45.18999863,10,948.9899902,15/9/04,Shipped,3,9,2004,Planes,49,S72_1253,"Bavarian Collectables Imports, Co.",+49 89 61 08 9555,Hansastr. 15,NULL,Munich,NULL,80686,Germany,EMEA,Donnermeyer,Michael,Small
10307,34,53.63000107,4,1823.420044,14/10/04,Shipped,4,10,2004,Planes,49,S72_1253,"Classic Gift Ideas, Inc",2155554695,782 First Street,NULL,Philadelphia,PA,71270,USA,NA,Cervantes,Francisca,Small
10316,34,43.70000076,12,1485.800049,1/11/2004,Shipped,4,11,2004,Planes,49,S72_1253,giftsbymail.co.uk,(198) 555-8888,Garden House Crowther Way,NULL,Cowes,Isle of Wight,PO31 7PJ,UK,EMEA,Bennett,Helen,Small
10329,44,86.12999725,8,3789.719971,15/11/04,Shipped,4,11,2004,Planes,49,S72_1253,Land of Toys Inc.,2125557818,897 Long Airport Avenue,NULL,NYC,NY,10022,USA,NA,Yu,Kwai,Medium
10339,27,76.30999756,6,2060.370117,23/11/04,Shipped,4,11,2004,Planes,49,S72_1253,"Tokyo Collectables, Ltd",+81 3 3584 0555,2-2-8 Roppongi,NULL,Minato-ku,Tokyo,106-0032,Japan,Japan,Shimamura,Akiko,Small
10352,49,52.63999939,4,2579.360107,3/12/2004,Shipped,4,12,2004,Planes,49,S72_1253,Auto-Moto Classics Inc.,6175558428,16780 Pompton St.,NULL,Brickhaven,MA,58339,USA,NA,Taylor,Leslie,Small
10361,23,95.19999695,12,2189.600098,17/12/04,Shipped,4,12,2004,Planes,49,S72_1253,Souveniers And Things Co.,+61 2 9495 8555,"Monitor Money Building, 815 Pacific Hwy",Level 6,Chatswood,NSW,2067,Australia,APAC,Huxley,Adrian,Small
10373,25,64.97000122,9,1624.25,31/1/05,Shipped,1,1,2005,Planes,49,S72_1253,"Oulu Toy Supplies, Inc.",981-443655,Torikatu 38,NULL,Oulu,NULL,90110,Finland,EMEA,Koskitalo,Pirkko,Small
10386,50,87.15000153,16,4357.5,1/3/2005,Resolved,1,3,2005,Planes,49,S72_1253,Euro Shopping Channel,(91) 555 94 44,"C/ Moralzarzal, 86",NULL,Madrid,NULL,28034,Spain,EMEA,Freyre,Diego,Medium
10398,34,40.22000122,1,1367.47998,30/3/05,Shipped,1,3,2005,Planes,49,S72_1253,Reims Collectables,26.47.1555,59 rue de l'Abbaye,NULL,Reims,NULL,51100,France,EMEA,Henriot,Paul,Small
10400,20,56.11999893,4,1122.400024,1/4/2005,Shipped,2,4,2005,Planes,49,S72_1253,The Sharp Gifts Warehouse,4085553659,3086 Ingle Ln.,NULL,San Jose,CA,94217,USA,NA,Frick,Sue,Small
10415,42,57.61000061,3,2419.620117,9/5/2005,Disputed,2,5,2005,Planes,49,S72_1253,"Australian Collectables, Ltd",61-9-3844-6555,7 Allen Street,NULL,Glen Waverly,Victoria,3150,Australia,APAC,Connery,Sean,Small
10105,25,56.77999878,8,1419.5,11/2/2003,Shipped,1,2,2003,Ships,54,S72_3212,Danish Wholesale Imports,31 12 3555,Vinb'ltet 34,NULL,Kobenhavn,NULL,1734,Denmark,EMEA,Petersen,Jytte,Small
10117,50,43.68000031,2,2184,16/4/03,Shipped,2,4,2003,Ships,54,S72_3212,"Dragon Souveniers, Ltd.",+65 221 7555,"Bronz Sok., Bronz Apt. 3/6 Tesvikiye",NULL,Singapore,NULL,79903,Singapore,Japan,Natividad,Eric,Small
10129,32,64.97000122,8,2079.040039,12/6/2003,Shipped,2,6,2003,Ships,54,S72_3212,"Stylish Desk Decors, Co.",(171) 555-0297,35 King George,NULL,London,NULL,WX3 6FW,UK,EMEA,Brown,Ann,Small
10142,39,44.22999954,5,1724.969971,8/8/2003,Shipped,3,8,2003,Ships,54,S72_3212,Mini Gifts Distributors Ltd.,4155551450,5677 Strong St.,NULL,San Rafael,CA,97562,USA,NA,Nelson,Valarie,Small
10153,50,60.06000137,4,3003,28/9/03,Shipped,3,9,2003,Ships,54,S72_3212,Euro Shopping Channel,(91) 555 94 44,"C/ Moralzarzal, 86",NULL,Madrid,NULL,28034,Spain,EMEA,Freyre,Diego,Medium
10167,38,48.59000015,15,1846.420044,23/10/03,Cancelled,4,10,2003,Ships,54,S72_3212,Scandinavian Gift Ideas,0695-34 6555,?kergatan 24,NULL,Boras,NULL,S-844 67,Sweden,EMEA,Larsson,Maria,Small
10177,40,50.22999954,6,2009.199951,7/11/2003,Shipped,4,11,2003,Ships,54,S72_3212,CAF Imports,+34 913 728 555,"Merchants House, 27-30 Merchant's Quay",NULL,Madrid,NULL,28023,Spain,EMEA,Fernandez,Jesus,Small
10185,28,64.43000031,6,1804.040039,14/11/03,Shipped,4,11,2003,Ships,54,S72_3212,Mini Creations Ltd.,5085559555,4575 Hillside Dr.,NULL,New Bedford,MA,50553,USA,NA,Tam,Wing C,Small
10197,42,50.22999954,12,2109.659912,26/11/03,Shipped,4,11,2003,Ships,54,S72_3212,Enaco Distributors,(93) 203 4555,"Rambla de Catalu a, 23",NULL,Barcelona,NULL,8022,Spain,EMEA,Saavedra,Eduardo,Small
10208,42,63.88000107,6,2682.959961,2/1/2004,Shipped,1,1,2004,Ships,54,S72_3212,"Saveley & Henriot, Co.",78.32.5555,"2, rue du Commerce",NULL,Lyon,NULL,69004,France,EMEA,Saveley,Mary,Small
10222,36,63.34000015,18,2280.23999,19/2/04,Shipped,1,2,2004,Ships,54,S72_3212,Collectable Mini Designs Co.,7605558146,361 Furth Circle,NULL,San Diego,CA,91217,USA,NA,Thompson,Valarie,Small
10232,24,49.68999863,3,1192.560059,20/3/04,Shipped,1,3,2004,Ships,54,S72_3212,giftsbymail.co.uk,(198) 555-8888,Garden House Crowther Way,NULL,Cowes,Isle of Wight,PO31 7PJ,UK,EMEA,Bennett,Helen,Small
10248,23,65.51999664,9,1506.959961,7/5/2004,Cancelled,2,5,2004,Ships,54,S72_3212,Land of Toys Inc.,2125557818,897 Long Airport Avenue,NULL,NYC,NY,10022,USA,NA,Yu,Kwai,Small
10261,29,50.77999878,7,1472.619995,17/6/04,Shipped,2,6,2004,Ships,54,S72_3212,Quebec Home Shopping Network,(514) 555-8054,43 rue St. Laurent,NULL,Montreal,Quebec,H1J 1C3,Canada,NA,Fresnisre,Jean,Small
10273,37,45.86000061,10,1696.819946,21/7/04,Shipped,3,7,2004,Ships,54,S72_3212,Petit Auto,(02) 5554 67,Rue Joseph-Bens 532,NULL,Bruxelles,NULL,B-1180,Belgium,EMEA,Dewey,Catherine,Small
10283,33,51.31999969,12,1693.560059,20/8/04,Shipped,3,8,2004,Ships,54,S72_3212,"Royal Canadian Collectables, Ltd.",(604) 555-4555,23 Tsawassen Blvd.,NULL,Tsawassen,BC,T2F 8M4,Canada,NA,Lincoln,Elizabeth,Small
10293,32,60.06000137,1,1921.920044,9/9/2004,Shipped,3,9,2004,Ships,54,S72_3212,Amica Models & Co.,011-4988555,Via Monte Bianco 34,NULL,Torino,NULL,10100,Italy,EMEA,Accorti,Paolo,Small
10306,35,59.50999832,6,2082.850098,14/10/04,Shipped,4,10,2004,Ships,54,S72_3212,"AV Stores, Co.",(171) 555-1555,Fauntleroy Circus,NULL,Manchester,NULL,EC2 5NT,UK,EMEA,Ashworth,Victoria,Small
10315,40,55.68999863,5,2227.600098,29/10/04,Shipped,4,10,2004,Ships,54,S72_3212,La Rochelle Gifts,40.67.8555,"67, rue des Cinquante Otages",NULL,Nantes,NULL,44000,France,EMEA,Labrune,Janine,Small
10327,37,86.73999786,4,3209.379883,10/11/2004,Resolved,4,11,2004,Ships,54,S72_3212,Danish Wholesale Imports,31 12 3555,Vinb'ltet 34,NULL,Kobenhavn,NULL,1734,Denmark,EMEA,Petersen,Jytte,Medium
10337,42,97.16000366,5,4080.719971,21/11/04,Shipped,4,11,2004,Ships,54,S72_3212,Classic Legends Inc.,2125558493,5905 Pompton St.,Suite 750,NYC,NY,10022,USA,NA,Hernandez,Maria,Medium
10350,20,100,15,2244.399902,2/12/2004,Shipped,4,12,2004,Ships,54,S72_3212,Euro Shopping Channel,(91) 555 94 44,"C/ Moralzarzal, 86",NULL,Madrid,NULL,28034,Spain,EMEA,Freyre,Diego,Small
10373,29,100,1,3978.51001,31/1/05,Shipped,1,1,2005,Ships,54,S72_3212,"Oulu Toy Supplies, Inc.",981-443655,Torikatu 38,NULL,Oulu,NULL,90110,Finland,EMEA,Koskitalo,Pirkko,Medium
10386,43,100,4,5417.569824,1/3/2005,Resolved,1,3,2005,Ships,54,S72_3212,Euro Shopping Channel,(91) 555 94 44,"C/ Moralzarzal, 86",NULL,Madrid,NULL,28034,Spain,EMEA,Freyre,Diego,Medium
10397,34,62.24000168,1,2116.159912,28/3/05,Shipped,1,3,2005,Ships,54,S72_3212,Alpha Cognac,61.77.6555,1 rue Alsace-Lorraine,NULL,Toulouse,NULL,31000,France,EMEA,Roulet,Annette,Small
10414,47,65.51999664,9,3079.439941,6/5/2005,On Hold,2,5,2005,Ships,54,S72_3212,Gifts4AllAges.com,6175559555,8616 Spinnaker Dr.,NULL,Boston,MA,51003,USA,NA,Yoshido,Juri,Medium
